New Session
7.44
7.46
7.42
7.46
7.45
7.47
7.46
7.46
7.45
7.60
7.62
7.44
7.43
7.44
7.46
7.41
7.45
7.44
7.45
7.40
7.42
7.44
P7.47
P7.47
7.45
7.46
7.45
7.46
7.45
7.61
7.58
7.43
7.44
7.43
7.44
7.45
7.46
7.43
7.22
7.41
7.41
7.43
P7.43
P7.45
7.44
7.43
7.41
7.40
7.43
7.40
7.42
7.43
7.58
7.42
7.42
7.40
7.41
7.41
7.36
7.21
7.39
P7.43
P7.41
7.43
7.41
7.40
7.41
7.39
7.41
7.54
7.38
7.41
7.43
7.39
7.42
7.41
7.42
7.39
7.43
7.38
7.36
7.39
7.17
7.36
7.41
7.40
7.39
7.39
7.41
7.38
7.38
7.39
7.38
7.35
7.37
7.34
7.33
7.35
7.34
7.35
7.34
7.34
7.47
7.32
7.34
7.34
7.33
7.32
7.33
7.33
7.33
7.31
7.31
7.31
7.42
7.34
7.33
7.33
7.32
7.61
7.31
7.33
7.32
7.21
7.10
7.24
7.41
7.27
7.17
7.27
7.28
7.27
7.30
7.31
7.29
7.28
7.27
7.28
7.42
7.29
7.29
7.27
7.28
7.00
7.31
P7.31
P7.30
7.32
7.32
7.31
7.28
7.30
7.29
7.28
7.30
7.30
7.27
7.27
7.29
7.27
6.95
7.20
7.24
7.24
7.14
7.25
7.24
7.28
7.27
7.39
7.24
7.28
7.16
7.25
7.11
7.25
7.24
7.25
7.22
7.24
7.28
P7.30
P7.29
7.29
7.31
7.28
7.30
7.30
7.23
7.20
7.23
7.24
7.27
7.26
7.26
7.26
7.15
6.93
7.24
7.23
7.25
7.23
7.24
7.25
6.88
7.24
P7.43
P7.25
7.27
7.27
7.27
7.38
7.24
7.27
O

G
P7.26
P7.26
7.26
7.22
7.25
7.23
7.23
7.24
7.25
P7.27
P7.25
7.17
6.89
7.23
7.25
7.23
7.22
7.23
7.01
7.17
7.21
7.21
7.22
7.23
7.17
7.37
7.24
P7.25
P7.25
7.38
7.24
7.23
7.25
7.21
7.23
7.23
7.23
7.25
7.27
7.25
7.25
7.15
7.11
7.18
7.22
7.21
7.24
P7.26
P7.23
7.23
7.25
7.21
7.21
7.25
P7.24
P7.24
7.24
7.20
7.00
7.11
7.18
7.19
7.20
7.19
7.14
7.17
7.17
7.19
7.17
6.74
7.17
7.18
7.17
7.18
6.93
7.17
7.17
7.17
7.17
7.17
7.18
P7.21
P7.21
7.21
7.22
7.21
7.17
7.20
7.18
6.98
7.17
7.17
7.17
7.03
6.84
7.17
7.19
7.18
7.19
7.19
7.17
7.19
7.17
7.18
7.19
7.18
7.32
6.89
7.17
7.19
7.12
6.80
7.15
7.20
7.18
6.94
6.84
7.17
7.17
7.17
7.17
7.16
7.19
7.33
6.99
7.16
7.17
7.06
7.05
7.17
7.16
7.17
7.14
7.15
7.16
7.16
7.16
7.17
7.18
7.14
7.16
7.18
7.16
6.94
7.11
7.30
7.17
7.11
7.16
7.15
7.02
7.17
7.15
7.19
6.96
7.17
7.15
7.15
6.82
7.15
7.17
7.12
7.11
7.17
7.16
AR
P6.75
7.13
7.13
7.07
7.15
7.16
7.15
6.92
7.13
7.19
6.83
7.16
7.13
6.96
7.17
7.16
6.74
7.13
7.16
7.17
6.96
7.15
7.17
7.13
7.16
7.15
7.07
7.16
7.16
7.01
7.14
7.16
7.16
6.85
7.16
7.17
7.16
7.17
7.16
6.85
7.16
P7.15
7.16
7.13
7.15
6.78
7.16
7.15
6.99
7.17
7.15
7.15
7.15
7.03
7.11
7.16
7.29
6.88
7.14
7.12
7.15
7.15
6.72
7.16
7.13
7.07
7.14
7.15
6.96
7.10
7.14
7.14
7.09
7.14
7.13
7.12
7.14
6.93
7.16
7.17
6.77
7.24
7.13
6.84
7.16
P7.18
P7.16
7.16
7.15
7.17
7.16
7.19
7.17
7.17
7.19
7.17
7.17
7.17
7.18
7.06
7.13
7.16
7.16
6.95
7.16
7.16
7.13
7.16
6.91
7.16
7.13
6.80
7.11
7.11
7.16
7.13
7.10
7.16
7.15
7.12
7.14
6.96
7.11
7.26
6.84
7.16
7.15
7.11
7.11
7.16
7.14
7.14
7.14
7.14
6.89
7.09
7.15
7.01
7.15
7.11
6.81
7.11
7.16
7.12
7.13
7.17
6.86
7.13
7.16
7.14
7.12
7.11
7.15
7.06
7.25
7.13
6.78
7.15
7.11
6.73
7.14
7.08
7.15
7.16
7.14
7.14
6.99
7.15
7.12
7.08
7.26
6.81
7.12
7.13
7.04
7.15
7.12
7.13
7.14
7.14
7.12
7.16
6.80
7.22
7.15
6.90
7.14
6.98
7.13
7.12
7.14
7.15
7.07
7.14
7.14
7.12
7.26
7.15
P7.30
P7.29
7.16
7.15
7.15
7.18
7.17
7.15
7.16
7.16
7.17
7.17
7.17
7.15
7.17
7.17
7.15
7.09
7.16
7.17
7.02
7.14
7.17
7.16
7.13
6.92
7.14
6.95
7.11
7.17
6.91
7.15
7.06
7.14
7.15
7.11
7.13
7.04
7.14
7.14
7.15
7.13
6.83
7.15
6.93
7.13
P7.15
P6.80
P7.14
6.87
7.14
7.13
7.13
7.17
7.17
7.16
7.17
7.17
7.16
7.18
7.16
7.17
7.19
7.17
7.19
7.17
7.16
7.12
7.13
6.80
7.15
7.15
7.15
7.13
7.13
7.15
7.17
7.17
7.15
7.15
7.14
7.05
7.11
7.15
7.13
7.14
6.97
7.13
6.92
7.09
7.14
6.85
7.14
7.01
7.24
7.15
7.14
7.11
6.94
7.10
7.25
7.10
7.12
6.84
7.09
6.85
7.10
7.03
6.74
7.24
6.77
7.11
7.15
P7.15
P7.15
7.15
7.17
7.15
7.17
7.16
7.15
7.08
7.12
7.00
P7.14
7.14
6.96
7.12
6.97
7.12
7.05
7.14
7.14
7.23
7.11
7.08
7.14
7.06
7.12
7.14
7.11
7.11
7.11
7.12
7.11
7.14
6.89
7.12
6.93
7.10
7.23
7.09
7.12
7.07
7.12
7.06
7.13
7.12
7.11
7.12
6.79
7.12
6.80
7.11
7.13
6.74
7.09
6.73
7.12
7.11
7.24
7.14
7.14
7.14
7.12
7.13
7.23
7.13
6.76
7.11
7.13
7.13
7.13
7.14
7.12
7.13
7.11
7.22
7.13
7.11
7.13
7.13
7.14
7.13
7.11
7.03
7.12
7.13
7.10
7.12
7.11
7.12
6.91
7.11
7.11
7.12
7.15
7.11
7.12
7.09
7.12
7.08
7.11
6.70
7.14
7.04
7.14
7.14
7.18
7.11
7.11
7.27
7.10
7.12
7.11
7.14
7.13
7.14
7.12
7.13
6.82
7.12
7.25
7.13
7.05
7.12
6.94
7.13
6.84
7.14
7.13
7.12
7.12
6.82
7.13
6.73
7.13
7.06
7.12
6.84
7.13
6.77
7.13
7.09
7.10
6.95
7.12
6.77
7.09
6.74
7.11
6.98
7.11
6.83
7.11
7.20
7.14
6.79
7.14
7.10
7.14
7.12
7.14
7.13
7.11
7.12
7.11
7.10
7.15
7.07
7.08
7.12
6.73
7.11
6.99
P7.12
6.80
7.13
7.09
7.16
6.80
7.12
7.10
7.12
7.09
7.11
6.92
7.13
7.10
7.11
7.12
7.09
7.08
7.11
7.12
7.12
7.12
7.14
7.05
7.14
7.09
6.98
7.08
7.12
7.12
6.98
7.09
6.73
7.11
7.11
7.10
7.15
7.11
7.14
7.11
7.13
7.14
7.09
7.12
7.14
7.11
6.94
7.11
7.15
7.10
6.82
7.23
6.79
7.13
7.08
7.27
7.09
7.09
7.11
7.13
7.09
7.14
7.06
7.11
7.09
7.11
7.10
6.89
7.13
7.03
7.12
6.73
7.13
6.72
7.09
7.15
7.14
7.11
7.13
6.80
7.11
6.75
7.09
6.86
7.04
7.10
7.11
7.10
7.10
7.11
7.11
7.15
7.12
7.11
6.74
7.11
7.16
P7.13
P7.14
7.13
7.13
7.15
7.17
7.17
7.16
7.09
7.15
7.17
P7.17
P7.17
7.15
7.17
7.17
7.15
7.17
7.17
P7.17
P7.17
7.16
7.16
7.16
6.91
7.14
7.15
7.17
7.16
7.16
7.15
7.09
7.15
6.84
7.14
6.74
7.15
7.15
7.03
7.14
7.10
7.13
7.13
7.15
7.09
7.13
6.82
7.14
7.13
6.83
7.15
7.12
7.16
7.11
7.13
7.15
7.24
7.13
7.04
7.14
7.11
7.27
7.13
6.96
7.14
6.90
7.12
7.10
6.92
7.13
6.93
7.15
7.15
7.15
7.11
7.15
7.14
6.78
7.14
7.12
7.15
7.14
7.14
7.14
7.11
7.12
6.99
7.14
7.13
7.16
P7.13
P7.16
7.16
7.15
7.17
7.13
7.15
7.14
7.13
7.15
6.98
7.14
6.83
7.16
7.14
6.84
7.14
7.07
7.13
7.7.14
7.14
6.79
7.15
6.97
7.14
7.15
7.13
7.27
7.13
7.13
7.09
7.13
6.83
7.13
7.15
7.15
7.15
6.97
7.26
7.14
7.11
7.15
7.06
7.15
7.20
7.14
7.11
7.13
7.14
6.92
7.15
7.13
7.12
7.13
7.13
7.14
6.83
7.12
7.11
7.12
7.11
7.09
7.13
7.12
7.15
7.12
7.11
7.13
7.12
7.14
6.77
7.12
7.04
7.26
7.10
7.13
7.12
7.12
7.28
7.14
7.13
7.13
6.83
7.14
7.11
7.11
7.13
7.13
7.13
7.19
7.11
7.11
7.13
7.12
7.08
7.13
7.15
7.11
7.13
6.98
7.15
7.07
7.12
7.10
7.26
7.11
6.77
7.12
7.13
7.24
7.07
7.10
7.11
6.90
7.10
6.99
6.96
7.12
6.76
7.26
7.06
7.11
7.35
7.10
7.08
7.10
7.12
7.11
7.09
7.12
6.77
7.09
7.10
6.84
7.12
6.76
7.04
6.79
7.09
7.10
6.84
7.09
7.10
7.09
7.12
7.13
7.32
6.96
7.12
6.80
7.13
7.12
7.11
7.08
6.99
7.11
7.07
7.01
7.12
7.08
7.11
7.10
7.10
7.12
7.12
7.10
7.10
7.09
7.11
6.71
7.10
6.75
7.11
7.11
6.65
7.09
6.89
7.24
7.08
6.89
7.10
7.12
7.11
7.10
7.10
7.08
7.09
7.04
7.09
7.08
7.11
7.09
6.81
7.09
7.05
7.12
7.09
7.07
7.11
7.11
7.11
7.09
6.74
7.10
7.07
7.10
7.07
6.85
7.11
7.09
6.77
7.10
7.00
7.11
7.09
6.80
7.08
6.76
7.11
7.08
6.99
7.10
6.78
7.09
7.03
7.10
6.51
7.21
7.05
6.93
7.05
6.99
7.05
7.17
6.84
7.04
7.04
7.08
7.07
7.07
7.07
7.08
7.10
7.07
6.80
7.07
7.10
6.60
7.07
7.10
7.08
7.07
6.72
7.08
6.58
7.07
7.05
6.77
7.09
6.64
7.20
7.05
6.60
7.07
6.72
7.08
7.02
6.87
7.03
6.73
7.05
7.05
6.91
7.05
6.61
7.20
7.06
6.76
7.05
6.99
7.06
6.92
6.70
7.13
7.05
7.17
7.08
6.76
7.04
7.02
6.66
7.06
6.78
7.05
7.00
6.56
7.01
6.50
7.04
7.04
6.70
7.02
6.46
7.03
7.03
7.06
7.00
6.72
7.03
6.99
6.66
7.04
6.36
7.04
7.00
6.64
7.04
6.52
7.03
7.05
6.49
7.16
7.02
6.65
7.01
7.01
7.00
7.01
6.84
7.04
6.98
7.04
7.01
6.54
6.72
7.00
6.56
7.04
7.01
6.81
7.03
6.78
7.03
6.47
6.99
7.01
6.56
6.99
6.96
6.76
7.03
7.00
6.80
7.01
6.62
7.00
7.02
6.64
7.01
6.48
6.82
7.02
7.00
6.92
7.16
6.94
6.93
7.01
6.94
7.01
6.90
6.51
7.00
6.94
7.02
7.00
6.57
6.68
7.02
6.52
7.00
6.54
7.01
6.98
6.47
7.02
6.96
6.88
6.99
6.95
6.61
6.98
6.88
7.01
7.02
6.46
7.00
7.12
6.77
7.01
6.99
6.49
6.96
6.92
6.61
6.98
6.42
6.71
6.95
6.33
6.64
6.89
7.04
7.05
7.07
AF
7.06
7.05
7.06
7.08
7.08
7.08
6.57
6.97
6.37
6.93
6.99
6.84
6.65
6.97
6.94
6.78
6.96
6.90
6.98
6.96
7.07
P7.05
P7.07
6.99
6.97
6.92
7.00
6.96
6.74
7.01
6.67
6.85
7.00
6.98
6.94
7.01
6.94
6.57
7.00
6.99
6.78
7.00
6.95
6.79
6.97
6.36
6.70
6.97
6.99
6.63
7.00
6.87
6.55
7.00
6.99
6.59
7.00
6.97
7.11
7.02
6.90
6.89
6.97
6.95
6.45
6.93
6.95
6.96
6.97
6.97
6.45
6.98
6.98
6.63
6.98
6.99
6.94
6.74
6.97
6.50
6.59
6.98
6.56
6.66
6.99
6.92
6.68
6.98
6.89
6.39
6.99
7.12
6.53
6.98
6.96
6.81
6.96
6.96
6.91
6.99
7.13
6.74
6.76
6.95
6.95
6.78
6.91
6.95
6.74
6.98
6.93
6.51
6.95
6.97
6.64
6.96
6.95
6.94
6.76
6.94
6.56
6.96
7.07
6.79
6.96
6.93
6.88
7.12
6.98
6.46
6.84
6.98
6.94
7.03
6.98
6.92
6.72
6.97
7.05
6.92
6.95
6.94
6.36
6.72
6.93
6.95
6.79
6.98
6.94
6.51
6.83
6.93
6.45
6.94
6.96
6.93
6.42
6.96
6.99
6.91
6.93
6.90
6.87
6.96
6.88
6.78
6.94
6.92
6.88
6.73
6.93
6.92
6.70
6.93
6.95
6.52
6.94
6.92
6.94
6.62
6.93
6.87
6.79
6.95
6.92
6.89
6.90
6.96
6.44
6.55
6.94
6.94
6.40
6.89
6.94
6.91
6.71
6.94
6.45
7.07
6.93
6.48
6.33
6.92
6.91
6.68
6.76
6.93
6.91
6.67
6.91
7.04
6.46
6.92
6.91
6.87
6.80
6.89
P6.90
6.47
6.91
6.91
6.84
6.45
6.90
6.79
6.59
6.92
6.85
6.36
6.58
6.86
6.85
6.48
6.71
6.78
6.58
6.95
P6.96
P6.94
6.95
7.09
6.98
6.99
7.00
7.00
7.14
7.00
6.93
6.92
6.55
6.91
6.89
6.49
6.86
6.92
6.90
6.90
6.91
6.91
6.80
6.75
6.90
6.79
6.80
6.91
6.90
6.83
6.91
6.90
6.85
6.42
6.89
6.91
6.51
6.89
6.96
6.66
6.89
6.89
6.83
6.51
6.86
6.87
6.37
6.85
6.90
6.87
6.79
6.89
6.86
6.81
6.74
6.87
6.82
6.43
6.90
6.88
6.48
6.77
6.89
6.85
6.79
6.69
6.88
6.78
6.37
6.88
6.89
6.90
6.86
6.92
6.89
6.88
6.92
6.92
6.64
6.91
6.93
6.95
6.91
6.64
6.93
7.08
6.58
6.92
6.92
6.95
6.72
6.96
7.01
6.97
6.98
6.7.11
6.98
6.97
7.02
6.99
6.99
6.99
6.99
6.99
7.00
7.00
7.00
6.99
6.99
7.00
6.98
7.00
7.01
P7.00
P7.00
7.02
7.02
7.02
7.00
7.00
6.97
6.94
6.94
7.00
7.02
P7.00
P7.03
7.00
7.02
7.15
7.02
7.03
7.01
7.01
7.00
7.01
6.69
6.99
6.99
7.00
7.03
7.03
7.16
7.03
6.94
P7.00
7.01
7.17
7.02
7.01
7.02
7.01
6.98
6.96
7.00
7.01
7.03
7.02
7.01
7.01
7.03
7.02
7.04
7.00
6.98
7.02
7.16
7.02
6.94
6.99
7.02
O

G
P7.26
7.01
7.03
7.02
7.00
7.01
7.02
7.03
7.01
7.03
7.01
7.01
7.03
7.01
P7.00
P7.02
P7.00
P7.01
P7.02
7.01
7.02
7.03
7.00
7.02
7.04
7.00
7.03
7.01
7.01
6.86
7.00
7.00
6.99
7.00
7.09
7.01
7.16
7.02
7.02
7.02
7.00
6.99
7.02
6.99
7.01
7.13
7.02
7.02
7.01
6.99
6.98
7.01
7.01
6.98
7.00
7.02
7.02
7.02
7.14
7.17
6.99
7.02
7.01
7.00
6.98
6.99
6.98
6.70
6.99
7.00
6.99
6.99
6.99
6.93
6.98
6.99
6.97
6.99
6.99
6.96
6.86
6.97
6.99
6.99
6.97
7.00
6.97
6.97
7.00
6.99
P7.01
P7.00
6.98
7.14
6.99
7.00
6.99
7.01
7.00
6.99
7.00
7.01
P7.13
P6.99
6.99
6.99
6.97
P6.98
P6.98
6.98
6.95
6.87
7.07
6.93
6.94
6.92
6.94
6.90
6.92
6.84
6.91
7.07
6.95
6.92
6.64
6.96
6.94
6.96
6.95
6.96
6.96
6.96
6.95
6.97
6.95
6.93
6.96
6.95
6.97
7.11
6.96
6.93
6.94
6.94
7.07
6.89
6.95
P6.95
P7.07
AF
7.00
6.79
6.92
6.91
6.91
6.93
P6.92
P6.94
6.94
P6.94
O

6.83
6.92
6.92
P6.93
P6.93
6.89
6.89
P6.90
P6.93
6.91
6.87
6.90
6.90
6.89
7.18
P6.89
P6.87
7.03
6.91
6.91
6.88
6.90
7.04
6.88
6.90
6.91
6.91
6.77
6.86
6.88
7.02
7.05
P6.91
P6.90
6.84
6.87
6.85
6.88
6.67
6.88
6.90
P6.89
P6.90
6.87
6.88
6.87
6.88
6.87
6.89
6.88
6.88
6.87
6.88
6.84
7.01
6.85
6.88
6.85
6.81
6.87
P6.87
P6.87
P6.88
O

G
P6.90
P6.85
6.85
6.85
6.89
O

G
P6.87
O

G
P6.88
6.88
6.87
P6.86
P6.87
6.81
6.82
6.69
6.83
6.83
6.87
6.84
6.87
6.82
6.87
P6.86
O

6.79
6.77
6.81
6.81
P6.87
P6.84
6.83
6.79
6.83
6.80
6.80
6.82
6.81
6.80
6.80
6.82
6.82
P6.79
P6.81
AF
6.77
6.89
6.66
6.79
6.82
6.77
6.81
6.64
6.74
6.55
6.79
6.80
6.92
6.82
6.78
6.91
P6.79
P6.77
6.77
6.77
6.75
6.74
6.77
6.82
O

G
O

G
P7.01
P6.78
P6.93
6.76
6.78
6.78
6.78
6.77
6.75
6.77
6.78
6.76
6.78
6.78
6.79
6.80
O

G
O

G
P7.04
O

G
O

G
P7.03
6.75
6.72
6.74
6.74
6.75
O

G
O

G
P7.01
O

6.75
P6.75
P6.75
6.75
6.74
6.70
6.44
6.73
6.72
6.70
6.56
6.74
6.73
6.75
6.74
6.71
6.74
6.73
6.72
6.73
6.66
6.71
6.71
6.70
6.66
6.73
6.71
6.72
6.71
6.70
6.72
6.84
6.71
6.68
6.68
6.68
6.67
6.58
6.69
6.68
6.72
P6.71
P6.71
6.69
6.70
6.66
6.65
6.68
6.66
6.70
6.69
6.70
6.69
O

G
P6.69
P6.94
6.46
6.68
6.67
6.81
6.69
6.65
6.64
6.68
6.70
P6.68
P6.70
6.69
6.67
6.62
6.68
6.66
6.69
6.64
6.64
6.68
6.66
6.68
6.66
6.66
6.69
6.68
6.66
6.69
6.69
6.67
6.67
6.68
6.68
6.69
6.66
6.79
6.67
6.69
6.68
6.68
6.67
6.67
6.68
6.67
6.68
6.68
6.67
6.66
6.66
6.68
6.68
6.77
6.66
6.65
6.68
6.67
6.66
6.64
6.67
6.67
6.66
6.64
6.65
6.66
6.65
6.66
6.63
6.67
6.65
6.67
6.67
6.67
6.65
6.66
6.65
6.67
6.66
6.63
6.66
6.63
6.65
6.65
6.63
6.65
6.66
6.63
6.66
6.66
6.64
6.65
6.64
6.64
6.67
6.66
6.64
6.64
6.62
6.64
6.61
6.51
6.16
6.59
6.65
P6.64
P6.65
6.63
6.62
P6.62
P6.64
P6.63
6.62
6.61
6.62
6.63
6.62
6.75
P6.61
P6.61
6.63
6.60
6.60
6.61
6.61
6.62
6.74
6.62
6.61
6.61
6.61
6.62
6.60
6.56
6.42
6.62
P6.61
P6.62
6.61
6.62
P6.63
P6.64
6.56
6.55
6.57
6.33
6.57
6.53
6.53
6.54
6.55
6.50
6.45
6.71
6.48
6.55
6.57
6.58
6.57
6.56
6.56
6.59
6.57
6.58
6.57
6.63
6.55
6.54
O

G
P6.77
P6.56
6.42
6.54
6.51
6.37
6.51
6.49
6.51
6.51
6.52
O

G
P6.76
6.64
6.54
6.53
6.41
6.53
6.53
6.52
6.55
6.54
6.54
6.53
6.52
6.67
6.55
6.54
6.44
6.13
6.42
6.44
6.53
P6.51
P6.54
6.51
6.50
6.62
6.52
P6.52
P6.51
6.52
6.50
6.51
6.46
6.64
P6.51
P6.52
6.51
O

G
P6.73
O

6.49
P6.47
P6.48
6.32
6.43
6.31
6.41
6.37
6.32
6.46
P6.47
P6.47
6.56
6.46
6.45
6.59
6.42
6.45
6.53
6.45
6.43
6.44
6.44
6.41
6.44
6.43
6.35
6.33
6.33
6.31
6.38
6.40
6.41
6.43
6.40
P6.41
P6.40
P6.42
6.53
6.37
P6.38
P6.40
6.39
6.54
6.52
6.30
6.32
6.29
6.25
6.30
6.29
6.29
6.05
6.30
6.35
P6.35
P6.37
6.36
P6.34
P6.36
6.36
P6.34
P6.34
6.23
6.36
6.24
6.24
6.21
6.07
6.34
6.18
6.21
6.28
6.29
6.28
6.28
6.28
6.30
6.30
6.40
6.30
6.27
6.28
6.06
6.14
6.08
6.15
6.27
P6.27
P6.28
6.11
6.11
6.02
6.17
5.97
5.95
5.98
6.18
P6.20
P6.23
6.18
6.16
6.15
6.17
6.14
6.17
6.16
5.96
5.83
5.85
5.79
6.14
P6.27
P6.14
5.90
5.81
5.87
5.87
5.81
5.56
5.77
5.73
6.14
P6.05
P6.04
5.63
5.63
5.75
5.57
5.41
5.50
5.59
5.64
5.83
P5.91
P6.05
5.84
5.82
5.82
5.80
5.82
5.81
5.83
5.81
5.83
5.80
5.90
5.80
P5.83
P5.87
5.80
5.67
P5.75
P5.87
5.61
5.65
5.61
5.62
P5.72
P5.81
5.70
5.57
5.62
5.66
P5.67
P5.69
5.50
5.49
New Session
7.36
7.45
7.42
7.38
7.43
7.45
7.44
7.42
7.42
7.43
7.44
7.42
7.42
7.43
7.40
7.43
7.42
7.41
7.44
7.44
7.42
7.40
7.40
7.43
7.41
7.43
7.45
7.40
7.42
7.40
7.45
7.42
7.44
7.42
7.43
7.43
7.43
7.40
7.51
7.40
7.43
7.42
7.43
7.43
7.40
7.42
7.44
7.40
7.44
7.43
7.43
7.44
7.40
7.40
7.40
7.40
7.43
7.43
7.42
7.40
7.40
7.40
7.42
7.20
7.39
7.42
O

G
P7.65
P7.41
P7.41
7.38
7.14
7.52
7.41
7.40
7.41
7.54
7.41
7.39
7.36
7.20
7.52
7.39
7.38
P7.38
P7.36
7.38
7.38
7.36
7.37
7.35
7.39
7.38
7.37
7.35
7.36
7.35
7.34
7.35
7.34
7.36
7.37
New Session
7.33
7.35
7.46
7.33
7.47
7.33
7.33
P7.30
P7.29
7.32
7.33
7.30
7.33
7.33
7.33
7.32
7.32
7.49
7.32
7.31
7.34
7.47
7.46
7.31
7.31
7.30
7.31
7.33
7.48
7.32
7.32
7.47
7.33
7.33
7.31
7.32
7.31
7.32
7.33
7.32
7.33
7.47
P7.32
P7.30
AF
7.12
7.29
7.25
7.28
7.29
7.19
7.31
7.30
P7.11
P7.26
P7.19
7.20
7.29
7.30
7.45
7.29
7.29
New Session
New Session
7.25
P7.43
7.25
7.22
7.24
7.26
7.39
7.29
7.35
7.01
7.21
7.21
AS
P7.24
P7.24
P7.25
7.24
7.20
7.25
7.22
7.24
7.40
7.22
7.23
7.25
7.25
7.26
7.20
7.20
7.25
7.24
7.23
7.25
7.24
7.23
7.36
7.23
7.23
7.24
7.25
7.25
7.22
7.24
7.25
7.27
7.06
7.25
7.23
7.22
7.20
7.36
7.26
7.25
7.26
P7.23
P7.38
P7.26
AF
7.24
7.21
7.21
7.25
7.20
7.20
P7.20
P7.25
AF
7.06
7.02
7.20
New Session
7.26
7.26
7.25
7.34
7.27
7.27
7.24
7.24
7.24
7.26
7.27
7.27
7.24
7.26
7.27
7.24
7.39
7.25
7.25
7.25
7.27
7.26
7.25
7.23
7.25
7.24
7.23
7.24
7.25
7.25
7.23
7.25
7.25
7.25
7.25
7.27
7.22
7.25
7.25
7.24
P7.23
P7.25
AF
7.25
7.23
7.27
7.24
7.25
7.24
7.22
7.21
7.10
7.08
7.17
7.23
7.21
7.22
7.21
7.22
7.22
7.16New Session
7.23
7.23
7.24
7.25
7.26
7.25
7.23
7.23
7.23
7.20
7.23
7.25
7.24
7.24
7.24
7.23
7.22
7.24
7.22
7.23
7.23
7.24
7.25
7.23
7.38
7.24
7.15
7.17
7.22
P7.41
P7.23
AF
6.91
7.23
7.36
7.18
7.11
7.22
7.18
7.19
7.19
7.22
7.16
7.21
7.37
7.22
7.25
P7.22
O

7.18
P7.22
P7.19
AF
7.21
7.35
7.21
7.18
7.35
7.23
7.21
7.19
P7.35
P7.22
AF
7.20
7.21
7.22
7.20
7.21
7.19
7.37
P7.21
P7.21
AF
7.21
7.23
7.22
7.21
7.21
7.24
7.23
7.22
7.21
7.21
7.23
7.22
7.23
7.20
7.21
7.35
7.22
7.22
7.22
7.29
7.23
7.32
7.21
7.21
7.20
7.22
6.97
7.11
7.20
7.20
7.21
7.22
7.22
7.19
7.17
7.20
7.19
7.32
7.20
7.13
7.19
7.32
7.19
7.19
6.99
7.20
P7.22
P7.23
AF
7.18
7.19
7.20
7.21
7.20
7.20
7.20
7.20
P7.21
O

G
P7.31
7.22
7.21
7.17
7.22
7.23
7.20
7.34
7.23
P7.36
P7.21
7.35
7.23
7.20
7.22
7.21
7.18
7.22
7.21
New Session
7.17
7.20
7.20
7.22
7.22
7.21
7.23
7.22
7.22
7.23
7.21
7.20
7.20
7.20
7.22
7.23
7.22
7.22
7.22
7.20
7.21
7.20
7.20
7.19
7.04
7.21
P7.23
O

G
7.21
7.25
P7.23
P7.20
O

G
AF
P7.14
7.21
7.20
O

G
O

G
P7.50
O

G
O

G
P7.49
AF
7.20
P7.23
P7.21
AF
7.35
7.21
7.19
7.23
7.24
7.22
7.22
7.21
7.21
7.21
7.21
7.22
7.25
7.22
O

G
P7.47
O

G
O

G
P7.48
AF
7.20
P7.20
P7.21
AF
7.22
7.35
7.19
7.21
7.18
7.21
7.17
7.17
7.18
7.17
7.15
7.18
7.33
7.18
7.20
7.32
7.18
6.92
7.19
7.18
7.18
7.19
7.15
7.17
7.17
7.21
7.18
7.18
7.22
7.32
7.19
7.17
7.18
7.17
7.32
7.20
7.01
7.03
7.19
7.17
7.17
7.20
7.20
P7.19
P7.22
AF
7.17
7.21
7.19
7.21
7.16
7.17
7.17
7.19
7.19
7.18
7.21
7.18
7.20
7.34
7.17
7.20
7.00
7.19
7.31
7.17
7.17
O

G
P7.48
O

7.17
7.19
7.18
7.17
7.19
7.19
7.16
New Session
7.22
7.20
7.20
7.23
7.25
7.24
7.22
7.24
7.22
7.23
7.24
7.36
7.21
7.22
7.23
7.23
7.17
7.21
7.12
7.21
7.18
7.21
7.19
7.18
7.18
7.21
7.22
P7.23
P7.23
7.21
7.19
7.21
7.20
7.17
7.19
7.20
7.15
7.19
7.20
7.17
7.19
7.19
7.18
O

G
P7.18
P7.20
AF
P6.707.04
7.21
7.01
7.17
7.19
7.14
7.14
7.19
7.12
7.17
7.18
7.18
7.18
7.17
7.19
7.18
7.17
7.17
7.17
7.18
7.15
7.17
7.30
7.17
7.16
7.18
7.15
7.17
7.16
7.17
7.18
7.18
7.34
New Session
7.04
7.02
7.03
7.01
7.04
7.01
7.02
7.03
7.01
7.05
7.03
7.16
7.01
7.00
7.03
7.01
7.01
7.02
7.02
7.00
7.04
6.99
7.02
7.03
7.02
7.01
7.02
7.01
7.02
7.02
7.00
7.00
7.03
7.03
7.02
7.16
7.03
7.03
7.03
7.01
7.01
7.00
7.00
7.00
7.03
7.03
7.02
7.02
7.01
7.02
6.98
7.15
7.00
7.01
6.99
7.01
7.00
7.02
7.00
7.01
7.01
7.02
7.00
6.98
7.00
7.00
7.02
7.01
6.99
7.14
7.00
7.00
6.99
7.01
7.00
7.03
7.01
7.02
7.01
7.00
7.01
7.02
6.99
7.02
7.00
7.00
7.00
6.99
7.00
6.99
7.00
6.99
7.00
7.00
7.00
7.00
New Session
6.99
6.99
7.00
7.01
6.97
7.01
6.99
6.98
6.97
7.00
7.01
6.99
7.00
7.00
6.97
7.00
6.98
6.98
6.96
7.01
7.00
7.00
7.00
6.97
7.00
6.98
6.99
7.00
6.98
6.98
6.98
7.13
7.00
6.97
6.99
6.97
7.01
7.00
6.98
6.97
6.98
6.98
6.99
6.99
6.97
6.98
6.99
7.00
6.99
6.97
6.98
6.97
6.98
6.98
6.97
6.99
6.97
6.98
6.99
6.97
6.97
6.95
6.97
7.10
6.95
7.11
6.96
6.97
7.14
6.97
7.12
6.95
6.99
6.96
New Session
6.98
6.95
6.95
6.98
6.97
6.96
6.98
6.97
6.98
6.96
6.97
6.98
6.94
6.95
7.10
6.99
7.11
6.95
6.98
6.95
7.08
6.97
6.97
O

G
P6.84
P6.98
6.96
6.95
6.95
7.09
6.93
6.98
6.98
6.95
6.93
6.95
6.95
6.95
6.95
6.94
7.07
6.94
6.96
6.97
6.96
6.97
6.97
7.09
6.98
6.96
7.13
6.96
6.95
6.96
6.96
6.96
6.95
6.96
6.95
6.95
6.94
6.94
6.98
6.93
6.95
6.94
6.94
6.94
6.94
6.97
6.95
6.95
6.95
6.95
6.93
6.95
6.95
6.94
6.97
6.94
6.95
6.95
6.93
6.96
6.96
6.95
6.96
6.93
6.93
6.96
6.95
6.94
6.92
6.95
6.94
6.96
6.93
7.00
6.95
6.93
6.96
6.91
6.95
6.94
6.95
6.94
6.95
6.92
6.95
6.95
6.96
6.94
6.92
6.94
6.96
6.93
6.96
6.94
6.95
6.95
6.93
6.94
6.93
6.94
6.94
6.93
6.94
6.94
6.93
6.93
6.93
6.96
6.91
6.95
6.96
6.94
6.93
6.94
6.93
6.93
6.94
6.92
6.94
6.94
6.92
6.95
6.94
6.94
6.95
6.96
6.90
6.91
6.92
6.92
6.93
6.94
6.94
6.93
6.94
6.91
6.93
7.04
6.92
6.94
6.91
6.93
6.94
6.89
6.94
6.92
7.06
6.94
6.92
6.94
6.6.91
6.90
6.92
6.93
6.92
6.92
6.94
6.93
6.94
6.93
6.92
7.06
6.92
6.92
6.93
6.93
New Session
7.48
7.51
7.49
7.53
7.55
7.50
7.50
7.50
7.53
7.61
7.51
7.48
7.64
7.65
7.47
7.47
7.50
7.52
7.64
7.48
7.48
7.51
7.47
7.50
7.51
7.62
7.63
7.49
7.51
7.63
7.51
7.50
New Session
7.40
7.51
7.54
7.40
7.43
7.55
7.40
7.41
7.42
7.41
7.42
7.41
7.41
7.56
7.42
7.38
7.39
7.59
New Session
7.32
7.54
7.37
7.37
7.39
7.39
7.36
7.39
7.39
7.38
7.54
7.39
7.38
7.39
7.21
7.36
7.39
7.35
7.35
7.51
7.35
7.35
7.36
7.38
7.39
New Session
7.36
7.32
7.35
7.36
7.35
7.37
7.34
7.35
7.38
7.36
7.34
7.36
7.35
7.36
7.32
7.36
7.35
7.35
7.36
7.50
7.32
7.36
7.37
7.36
7.35
7.32
7.36
7.37
7.34
7.37
7.32
7.37
7.32
7.39
7.33
7.35
7.35
7.34
7.34
7.35
7.32
7.32
7.36
7.34
7.37
7.34
7.33
7.34
7.35
7.35
7.32
7.35
7.32
7.35
7.37
7.34
7.35
7.34
7.30
7.48
7.31
7.33
7.34
7.36
7.37
7.32
7.33
7.34
7.36
7.32
7.34
7.35
7.32
7.32
7.32
7.31
7.31
7.34
7.34
7.32
7.32
7.32
7.32
7.34
7.34
7.34
7.34
7.33
7.33
7.33
7.29
7.31
7.32
7.34
7.33
7.33
7.31
7.35
7.32
7.31
7.31
7.32
7.34
7.31
7.33
7.31
7.46
7.47
7.33
7.32
7.34
7.33
7.33
7.34
7.31
7.32
7.31
7.31
7.31
7.34
7.33
New Session
7.21
7.26
7.23
7.25
7.27
7.27
7.27
7.25
7.24
7.23
7.24
7.26
7.25
7.26
7.20
7.27
7.26
7.24
7.22
7.24
7.24
7.27
7.25
7.25
7.25
7.22
7.49
7.21
7.28
7.25
7.22
7.27
7.23
7.27.23
7.23
7.20
7.23
7.27
7.23
7.23
7.24
7.22
7.22
7.23
7.25
7.24
7.26
7.23
7.24
7.21
7.25
7.41
7.22
7.22
7.23
7.26
7.24
7.24
7.22
7.22
7.25
7.26
7.22
7.22
7.21
7.26
7.20
7.25
7.21
7.23
7.23
7.23
7.23
7.37
7.25
7.24
7.38
7.38
7.23
7.24
7.22
7.19
7.20
7.21
7.21
7.22
7.23
7.24
7.20
7.24
7.20
7.24
7.25
7.21
7.22
7.20
7.25
7.25
7.24
7.22
7.23
7.22
7.20
7.19
7.22
7.21
7.23
7.25
7.21
7.22
7.25
7.24
7.23
7.20
7.22
7.19
7.22
7.22
7.20
P7.21
P7.21
7.37
7.51
7.20
7.23
7.34
7.23
New Session
6.82
6.80
6.79
6.80
6.78
6.80
6.77
6.76
6.78
6.75
6.76
6.75
6.74
6.77
6.76
6.76
6.78
6.74
6.78
6.75
6.74
6.76
6.78
6.74
6.90
6.88
6.78
6.77
6.76
6.77
6.87
6.89
6.74
6.75
6.76
6.71
6.74
6.75
6.74
6.72
6.75
6.87
6.75
6.74
6.74
New Session
6.91
6.77
6.75
6.76
6.75
6.73
6.73
6.72
6.70
6.73
6.85
6.72
6.68
6.73
6.70
6.73
6.72
6.72
6.70
6.72
6.73
6.69
6.85
6.70
6.72
6.72
6.71
6.74
6.68
6.70
6.69
6.67
6.68
6.70
6.72
6.69
6.70
6.67
6.71
6.79
6.68
6.65
6.69
6.72
6.69
6.70
6.70
6.67
6.68
6.81
6.69
6.68
6.69
6.68
6.81
6.68
6.72
New Session
6.52
6.61
6.49
6.47
6.44
6.42
6.39
6.46
6.38
6.34
6.32
6.30
6.30
6.25
6.26
6.24
6.22
6.18
6.13
6.13
6.10
6.07
6.04
6.04
6.00
5.98
5.89
5.82
5.75
5.55
5.60
New Session
7.48
7.51
7.55
7.50
7.53
7.55
7.51
7.52
7.52
7.53
7.53
7.52
7.50
7.52
7.54
7.54
7.54
7.48
7.51
7.51
7.48
7.48
7.52
7.65
7.48
7.50
7.50
7.49
7.51
7.51
7.51
7.52
7.47
7.49
7.53
7.51
7.49
7.49
7.51
7.53
7.48
7.51
7.51
7.51
7.48
7.50
7.46
7.47
7.47
7.46
7.49
7.49
7.49
7.47
7.46
7.48
7.49
7.47
7.46
7.50
7.46
7.47
7.50
7.46
7.51
7.48
7.46
7.49
7.46
7.44
7.46
7.47
7.47
7.49
7.44
7.60
7.44
7.46
7.47
7.49
7.51
7.48
7.46
7.45
7.44
7.44
7.42
7.42
7.44
7.43
7.58
7.42
7.44
7.43
7.44
7.56
7.43
7.43
7.46
7.45
7.58
7.42
7.44
7.44
7.44
7.41
7.44
7.43
7.42
7.42
7.43
7.42
7.43
7.40
7.42
7.43
New Session
7.36
7.43
7.38
7.38
7.40
7.44
7.44
7.40
7.43
7.43
7.43
7.43
7.40
7.40
7.45
7.44
7.41
7.39
7.40
7.41
7.41
7.55
7.41
7.40
7.41
7.43
7.39
7.41
7.44
7.42
7.40
7.41
7.43
7.40
7.40
7.39
7.37
7.42
7.41
7.40
7.55
7.43
7.39
7.39
7.41
7.40
7.39
7.41
7.41
7.41
7.42
7.39
7.41
7.38
7.37
7.38
7.38
7.36
7.37
7.41
7.42
7.38
7.53
7.39
New Session
7.33
7.29
7.30
7.28
7.33
7.34
7.33
7.34
7.34
7.33
7.33
7.32
7.31
7.32
7.33
7.31
7.32
7.31
7.33
7.31
7.32
7.34
7.33
7.31
7.33
7.33
7.48
7.47
7.32
7.28
7.34
7.29
7.30
7.44
7.31
7.30
7.30
7.33
7.31
7.29
7.28
7.28
7.33
7.48
7.30
7.31
7.30
7.32
7.30
7.45
7.31
7.31
7.30
7.31
7.31
7.30
7.33
7.29
7.27
7.32
7.33
7.27
7.33
7.31
7.28
7.28
7.49
7.27
7.30
7.26
New Session
7.27
7.27
7.27
7.29
7.31
7.28
7.30
7.29
7.32
7.28
7.32
7.27
7.30
7.29
7.27
7.29
7.42
7.29
7.27
7.29
7.26
7.27
7.29
7.27
7.30
7.26
7.24
7.26
7.26
7.25
7.27
7.28
7.27
7.28
7.26
7.27
7.30
New Session
7.24
7.51
7.22
7.26
7.29
7.27
7.25
7.27
7.27
7.28
7.29
7.29
7.27
7.24
7.27
7.26
7.28
7.25
7.24
7.26
7.27
7.25
7.25
7.41
7.30
7.23
7.26
7.24
7.25
7.25
7.27
7.26
7.25
7.27
7.25
7.25
7.27
7.22
7.25
7.37
7.27
7.27
7.24
7.24
7.39
7.23
7.23
7.25
7.26
7.20
7.23
7.25
7.25
7.26
7.26
7.24
7.23
7.39
7.24
7.25
7.25
7.25
7.23
7.23
7.23
7.24
7.25
7.24
7.26
7.25
7.23
7.25
7.24
7.22
7.23
7.24
7.24
7.25
7.24
7.27
7.22
7.22
7.26
7.25
7.20
7.24
7.24
7.24
7.23
7.22
7.26
7.20
7.38
7.20
7.25
7.24
7.23
7.23
7.22
7.22
7.26
7.23
7.23
7.23
7.24
7.25
7.22
7.23
7.21
7.23
7.24
7.20
7.27
7.25
7.25
7.25
7.23
7.23
7.22
7.23
7.20
7.23
7.22
7.25
7.25
7.24
7.22
7.23
7.21
7.21
7.21
7.36
7.22
7.23
7.21
7.20
7.21
7.20
7.20
7.21
7.34
7.21
7.19
7.21
7.23
7.25
7.37
7.21
7.20
7.20
7.20
7.22
7.23
7.21
7.18
7.20
7.21
7.23
7.21
7.20
7.19
7.17
7.22
7.18
New Session
7.18
7.20
7.17
7.17
7.18
7.22
7.18
7.33
7.21
7.20
7.21
7.18
7.22
7.18
7.19
7.18
7.21
7.20
7.17
7.19
7.20
7.30
7.34
7.17
7.17
7.17
7.19
7.20
7.18
7.19
7.17
7.20
7.18
7.19
7.20
7.19
7.21
7.17
7.20
7.20
7.17
7.21
7.19
7.17
7.17
7.18
7.20
7.21
7.31
7.18
7.19
7.17
7.17
7.20
7.18
7.17
7.17
7.19
7.19
7.31
7.18
7.20
7.18
7.32
7.22
7.18
7.19
7.19
7.18
7.33
7.17
7.18
7.20
7.21
7.31
7.17
7.18
7.17
7.18
7.21
7.17
7.21
7.17
7.17
7.19
7.32
7.17
7.17
7.19
7.17
7.21
7.18
7.17
7.16
7.17
7.19
7.18
7.15
New Session
7.17
7.16
7.17
7.17
7.20
7.17
7.19
7.31
7.17
7.15
7.17
7.16
7.18
7.17
7.19
7.17
7.17
7.16
7.18
7.17
7.21
7.17
7.20
7.15
7.19
7.17
7.18
7.33
7.17
7.17
7.17
7.17
7.17
7.32
7.19
7.19
7.14
7.18
7.17
7.17
7.18
7.17
7.17
7.17
7.17
7.17
7.17
7.19
7.17
7.18
7.17
7.20
7.18
7.17
7.15
7.17
7.15
7.17
7.17
7.17
7.18
7.15
7.17
7.19
7.15
7.17
7.30
7.16
7.17
7.17
7.17
7.15
7.17
7.15
New Session
7.15
7.19
7.17
7.15
7.15
7.18
7.17
7.19
7.17
7.18
7.18
7.17
7.17
7.17
7.15
7.17
7.17
7.17
7.17
7.17
7.17
7.17
7.17
7.30
7.19
7.17
7.17
7.17
7.15
7.17
7.16
7.17
7.26
7.17
7.16
7.46
7.19
7.15
7.19
7.17
7.17
7.15
7.18
7.17
7.18
7.16
7.15
7.18
7.17
7.17
7.15
7.16
7.17
New Session
7.16
7.17
7.14
7.16
7.17
7.16
7.35
7.17
7.34
7.15
7.17
7.17
7.17
7.18
7.17
7.16
7.19
7.17
7.17
7.29
7.16
7.16
7.17
7.17
7.18
7.18
7.17
7.30
7.17
7.17
7.17
7.20
7.17
7.17
7.17
7.16
7.19
7.16
7.17
7.17
7.17
7.16
7.16
7.13
7.14
7.17
7.15
New Session
7.16
7.19
7.14
7.17
7.18
7.18
7.16
7.19
7.17
7.17
7.16
7.17
7.17
7.17
7.17
7.20
7.17
7.17
7.16
7.17
7.17
7.15
7.15
7.15
7.16
7.17
7.17
7.17
7.17
7.16
7.18
7.16
7.14
7.15
7.17
7.17
7.13
7.17
7.17
7.15
7.17
7.30
7.17
7.16
7.16
7.18
7.16
7.28
7.19
7.17
7.17
7.17
7.18
7.17
7.17
7.18
7.14
7.17
7.15
7.17
7.13
7.16
7.15
7.17
7.15
7.13
7.16
7.15
7.15
7.11
7.16
7.14
New Session
7.14
7.16
7.17
7.19
7.16
7.16
7.17
7.16
7.17
7.17
7.17
7.14
7.15
7.18
7.15
7.16
7.16
7.18
7.16
7.16
7.16
7.17
7.16
7.19
7.16
7.15
7.31
7.15
7.17
7.17
7.16
7.15
7.13
7.15
7.16
7.15
7.29
7.15
7.16
7.17
7.16
7.17
7.15
7.17
7.14
7.15
7.17
7.15
7.17
7.13
7.17
7.17
7.15
7.15
7.16
7.17
7.19
7.13
7.13
7.15
7.16
7.15
7.13
7.17
7.14
7.14
7.14
7.20
7.15
7.12
7.17
7.13
7.15
7.14
7.17
New Session
7.29
7.15
7.16
7.16
7.17
7.17
7.17
7.17
7.18
7.17
7.18
7.17
7.17
7.17
7.17
7.29
7.32
7.17
7.17
7.14
7.13
7.18
7.16
7.17
7.16
7.17
7.16
7.18
7.17
7.18
7.18
7.17
7.15
7.16
7.17
7.17
7.16
7.28
7.14
7.16
7.15
7.17
7.19
7.17
7.14
7.15
7.17
7.15
AF
7.29
7.17
7.15
7.17
7.29
7.17
7.15
7.17
7.17
7.15
7.14
7.16
7.17
7.17
7.15
7.13
7.17
7.17
7.13
7.17
7.17
7.16
7.26
7.16
7.13
7.17
7.17
7.13
7.15
7.16
New Session
7.17
7.16
7.15
7.17
7.17
7.13
7.16
7.13
7.14
7.20
7.18
7.17
7.17
7.17
7.17
7.19
7.14
7.17
7.15
7.17
7.16
7.16
7.17
7.15
7.16
7.15
7.17
7.18
7.16
7.16
7.17
7.33
7.17
7.16
7.16
7.17
7.17
7.18
7.17
7.13
7.15
7.17
7.17
7.17
7.17
7.17
7.30
77.17
7.13
7.19
7.14
7.29
7.17
7.17
7.15
7.17
7.16
7.30
7.17
7.13
7.15
7.17
7.16
7.16
7.15
7.15
7.15
7.18
7.16
7.17
7.17
7.16
7.16
7.17
7.14
7.17
7.17
7.14
7.17
7.17
7.16
New Session
7.14
7.16
7.16
7.17
7.14
7.16
7.15
7.18
7.17
7.17
7.15
7.18
7.17
7.15
7.31
7.17
7.17
7.18
7.17
7.16
7.17
7.18
7.16
7.17
7.17
7.15
7.17
7.16
7.17
7.17
7.16
7.17
7.16
7.16
7.30
7.13
7.13
7.17
7.17
7.17
7.17
7.15
7.17
7.16
7.15
7.17
7.16
7.17
7.16
7.14
7.29
7.17
7.16
7.16
7.17
7.18
7.17
7.16
7.15
7.13
New Session
7.17
7.16
7.17
7.15
7.15
7.18
7.17
7.17
7.30
7.17
7.17
7.15
7.16
7.18
7.16
7.17
7.17
7.16
7.15
7.16
7.17
7.17
7.17
7.15
New Session
7.17
7.17
7.30
7.14
7.16
7.17
7.19
7.19
7.19
7.17
7.17
7.18
7.18
7.30
7.17
7.17
7.18
7.17
7.17
7.16
7.15
7.17
7.16
7.15
7.19
7.18
7.17
7.17
7.16
7.15
7.16
7.15
7.28
7.18
7.16
7.15
7.17
7.17
7.15
7.17
7.14
7.17
7.17
7.30
7.16
7.16
7.13
AF
AF
7.15
7.30
7.15
7.15
7.13
AF
7.16
7.15
7.17
7.14
