0.158100128174
0.284922838211
0.183277130127
0.150552988052
0.263850927353
0.143976926804
0.138993024826
0.135960102081
0.103270053864
0.14461684227
0.129464149475
0.209314823151
0.138576030731
0.110687017441
0.101221084595
0.115170001984
0.118434906006
0.137006998062
0.119110107422
0.110360860825
0.125122070312
0.148454904556
0.106015205383
0.112231969833
0.119582891464
0.167891979218
0.116539001465
0.120661020279
0.123589992523
0.119444131851
0.127696990967
0.124866962433
0.0897629261017
0.0971751213074
0.124794006348
0.124748945236
0.104519844055
0.118129014969
0.10280919075
0.0999898910522
0.166970014572
0.104158878326
0.109337091446
0.112031936646
0.11271905899
0.128355026245
0.171106100082
0.100701808929
0.14691901207
0.115611076355
0.147672891617
0.186742067337
0.124690055847
0.102267026901
0.117027044296
0.142763853073
0.114454030991
0.0927090644836
0.129374027252
0.088907957077
0.105017900467
0.124003171921
0.125965833664
0.21139216423
0.129658937454
0.079087972641
0.119179964066
0.130936145782
0.119251966476
0.115061998367
0.0885179042816
0.112190008163
0.116789102554
0.11244893074
0.185579061508
0.0871059894562
0.0958688259125
0.141339063644
0.0846309661865
0.109862089157
0.101459026337
0.123183965683
0.119682073593
0.161938905716
0.115176916122
0.104152202606
0.112989902496
0.219666957855
0.131025075912
0.134413003922
0.166081905365
0.108184099197
0.121273040771
0.119674921036
0.111727952957
0.116122961044
0.130443096161
0.100203990936
0.181946992874
0.115629911423
0.0828490257263
0.102151155472
0.0871779918671
0.159108877182
0.137727022171
0.103619098663
0.126579999924
0.203840970993
0.109616041183
0.118881940842
0.128726959229
0.0756719112396
0.127988100052
0.137073993683
0.100967884064
0.123882055283
0.199594020844
0.0973191261292
0.112234830856
0.117562055588
0.1039249897
0.116353034973
0.108709096909
0.19146490097
0.100084066391
0.131307840347
0.106203079224
0.113433122635
0.134123802185
0.12725520134
0.125763893127
0.105806112289
0.109753847122
0.106856107712
0.16024184227
0.159878015518
0.116600036621
0.111556053162
0.138809919357
0.121160984039
0.0860390663147
0.139281988144
0.132143974304
0.102762937546
0.226672172546
0.114405870438
0.113037109375
0.127184867859
0.102215051651
0.125548124313
0.123235940933
0.121329069138
0.123972892761
0.0975470542908
0.114466905594
0.191245079041
0.110357999802
0.113013029099
0.14279294014
0.1262550354
0.0897300243378
0.124578952789
0.117692947388
0.131036043167
0.3880879879
0.121767997742
0.093780040741
0.116657018661
0.123054981232
0.118630886078
0.0905091762543
0.10666680336
0.0953290462494
0.124191045761
0.109425067902
0.13787484169
0.116790056229
0.123224973679
0.111560106277
0.0956020355225
0.141123056412
0.126952886581
0.107830047607
0.111274003983
0.116551876068
0.10165810585
0.106379985809
0.115140914917
0.0865290164948
0.089262008667
0.10200214386
0.111485004425
0.0932939052582
0.132560014725
0.119513988495
0.101440906525
0.0822801589966
0.184345960617
0.12088394165
0.111978054047
0.149968862534
0.104361057281
0.118242025375
0.13759803772
0.119513988495
0.130856990814
0.279417991638
0.150233030319
0.224819898605
0.111984968185
0.157124996185
0.196271181107
0.210583925247
0.133481025696
0.181328058243
0.123492956161
0.173650979996
0.763448953629
0.169945001602
0.198622941971
0.179823160172
0.149010896683
0.145699977875
0.129775047302
0.148284912109
0.113041162491
0.163684844971
0.315214157104
0.151585817337
0.152005195618
0.142019987106
0.118155956268
0.11091709137
0.108381986618
0.146211862564
2.04950594902
0.107545137405
0.139528989792
0.0977759361267
0.110944032669
0.116919994354
0.118882894516
0.104676008224
0.108347177505
0.145592927933
0.164530992508
0.108251094818
0.109315872192
0.116706132889
0.109313964844
0.115546941757
0.0977818965912
0.111999988556
0.107573986053
0.106808185577
0.113365888596
0.119679927826
0.139699220657
0.0971088409424
0.111989974976
0.141102075577
0.182308912277
0.0921339988708
0.116770029068
0.121787071228
0.106075048447
0.0956919193268
0.142260074615
0.138339042664
0.448109865189
0.16489315033
0.11679983139
0.125862121582
0.110183000565
0.103145837784
0.122588157654
0.140472888947
0.149075984955
0.0947301387787
0.156951904297
0.104671955109
0.0987470149994
0.120281934738
0.121581077576
0.128736019135
0.0974950790405
0.119348049164
0.151567935944
0.0994420051575
0.124001026154
0.100729942322
0.124684095383
0.132143974304
0.111883878708
0.125680923462
0.178065061569
0.122148990631
0.111293077469
0.125650882721
0.12620806694
0.12081193924
0.113399982452
0.120359182358
0.112516880035
0.140809059143
0.126142024994
0.121573925018
0.140918016434
0.131478071213
0.105602025986
0.1512799263
0.138797998428
0.101715087891
0.12864279747
0.113856077194
0.0991449356079
0.137850046158
0.125558137894
0.172837018967
0.117258787155
0.102302074432
0.106929063797
0.125437021255
0.112320899963
0.153512954712
0.12536907196
0.14764213562
0.126822948456
0.142546892166
0.118587970734
0.0910460948944
0.145534038544
0.161979913712
1.88791203499
0.133712053299
0.154208898544
0.107810974121
2.36422204971
0.201354980469
0.119439125061
0.130959033966
0.115082979202
0.0930979251862
0.116595983505
0.174319028854
0.141001939774
0.100301980972
0.134295940399
0.094642162323
0.137624025345
0.115932941437
0.147089004517
0.0857448577881
0.142897129059
0.111682891846
0.137760162354
0.132380008698
0.135896921158
0.149096012115
0.132442951202
0.130182981491
0.139850139618
0.139479875565
0.128942966461
0.111282110214
0.181392908096
0.0654649734497
0.143599033356
0.0999031066895
0.129510879517
0.10746717453
0.149335861206
0.124551057816
0.109224081039
0.121724843979
0.10683298111
0.136410951614
0.107647180557
0.112640857697
0.116057157516
0.0969069004059
0.126416921616
0.133788108826
0.108495950699
0.160160064697
0.14243888855
0.110345125198
0.134763002396
0.120198011398
0.110067844391
0.114510059357
0.130542039871
0.122796058655
0.100249052048
0.105722904205
0.122340917587
0.11278295517
0.127545118332
0.097470998764
0.126522064209
0.0758078098297
0.127931118011
0.133306026459
0.138524055481
0.112265825272
0.0977320671082
0.116142034531
0.0952839851379
0.156467914581
0.162620067596
0.0903270244598
0.123702049255
0.114367008209
0.117130041122
0.0966448783875
0.112584114075
0.11080789566
0.114314079285
0.234323978424
0.168272018433
0.171293973923
0.188410043716
0.195372819901
1.84010100365
0.100409030914
0.102458000183
0.117604017258
0.12703204155
0.20643901825
0.0993349552155
0.123781919479
0.122980117798
0.126282930374
0.102257966995
0.1256980896
0.120072126389
0.101652860641
0.127912044525
0.126821041107
0.104429006577
0.110188007355
0.122960805893
0.103436231613
0.135314941406
0.127400875092
0.133438110352
0.137942075729
0.168051958084
0.128772974014
0.141221046448
0.147121906281
0.136970996857
0.116422891617
0.142819166183
0.120802879333
0.144273996353
0.15348315239
0.117686033249
0.151885986328
0.106338977814
0.14786696434
0.125045061111
0.130423784256
0.128532171249
0.140712022781
0.126334905624
0.116288900375
0.132397174835
0.129498958588
0.129811048508
0.117488861084
0.129661083221
0.120204925537
0.13752412796
0.134809970856
0.100270986557
0.0996270179749
0.15755200386
0.127038955688
0.109668970108
0.101180076599
0.119513988495
0.129132032394
0.168251991272
0.222151994705
0.20649600029
0.107592821121
0.133013010025
0.160815000534
0.133201122284
0.144479990005
0.234867095947
0.170948982239
0.120965003967
0.157842874527
0.145628929138
0.14689707756
0.101902961731
0.141934156418
0.110514879227
0.129343032837
0.127106904984
0.133923053741
0.189808130264
0.10450387001
0.159192085266
0.215373039246
0.234277009964
0.250559806824
0.251996994019
0.183939218521
0.29282784462
0.159819126129
0.351181030273
0.351799964905
0.221797943115
0.243226051331
0.0938708782196
0.132107019424
0.153340101242
0.130905866623
0.121587991714
0.0971519947052
0.175951957703
0.116389036179
0.0819630622864
0.174601078033
0.105355978012
0.140691041946
0.105734825134
0.094614982605
0.115266084671
0.127550125122
0.100313901901
0.102977991104
0.0969290733337
0.126397848129
0.0889551639557
0.120146036148
0.125584840775
0.10465502739
0.110590934753
0.110728979111
0.122799158096
0.105948925018
0.0983560085297
0.0940330028534
0.206170082092
0.103477954865
0.110217094421
0.144352912903
0.139165878296
0.0935761928558
0.1019718647
0.114884138107
0.0996928215027
0.126399040222
0.0850720405579
0.109397888184
0.10922908783
0.138777017593
0.178841114044
0.0968189239502
0.111173868179
0.0925850868225
0.119067907333
0.126764059067
0.105296134949
0.105037927628
0.145148992538
0.209409952164
0.123482942581
0.397207021713
0.114637136459
0.129472017288
0.153364896774
0.0913770198822
0.115705966949
0.111122131348
0.128034830093
0.105937004089
0.111626148224
0.118466854095
0.114464044571
0.125904083252
0.106079816818
0.136835098267
0.118412971497
0.133790016174
0.128232002258
0.12117600441
0.130038022995
0.118968963623
0.121737957001
0.125552177429
0.123746871948
0.10480093956
0.120882987976
0.133208990097
0.119365215302
0.140563964844
0.121656894684
0.0957851409912
0.108771800995
0.116861104965
0.128360033035
0.110337018967
0.136226892471
0.102174043655
0.113754987717
0.137998104095
0.324609994888
0.1863758564
0.170387029648
0.224352121353
0.107414960861
0.457195997238
0.128852844238
0.13964509964
0.103205919266
0.117506980896
0.15306019783
0.164955854416
0.133237123489
0.179368019104
0.153474807739
0.182501077652
1.83217811584
2.6341149807
0.122995853424
0.118457078934
0.112978935242
0.10492515564
0.128861904144
0.127964019775
0.122524023056
0.103549957275
0.110528945923
0.126755952835
0.107930183411
0.104804039001
0.104053974152
0.136821985245
0.164175987244
0.124246835709
0.121725082397
0.0947840213776
0.113837003708
0.118997097015
0.0905849933624
0.141085863113
0.102023124695
0.102116823196
0.200693130493
0.0338559150696
0.0985641479492
0.135771989822
0.118950843811
0.103116989136
0.12112903595
0.0985331535339
0.115401983261
0.105361938477
0.151485919952
0.114849090576
0.108681917191
0.110612154007
0.10902094841
0.122105836868
0.0977621078491
0.0945470333099
0.114331007004
0.105093002319
0.0839359760284
0.101455926895
0.10351896286
0.107707977295
0.142042160034
0.127121925354
0.103667974472
0.105035066605
0.112920999527
0.0862219333649
0.103408098221
0.100072860718
0.104346036911
0.0941600799561
0.13272190094
0.110866069794
0.141088962555
0.179851055145
0.105908870697
0.0937960147858
0.107791185379
0.104869842529
0.120630979538
0.102050065994
0.110934019089
0.123881101608
0.193717002869
0.0843229293823
0.0917818546295
0.120012998581
0.113079071045
0.0824790000916
0.132755041122
0.138813972473
0.128940105438
0.145926952362
0.123698949814
0.232865095139
0.27832698822
0.220906019211
0.174027919769
0.209199905396
1.0487370491
0.130011081696
0.118479967117
0.111871004105
0.0991299152374
0.265866041183
0.231112957001
0.14780497551
0.159785985947
0.198642015457
0.182198047638
0.172019004822
0.197364091873
0.11770606041
0.135818004608
0.170054912567
0.116517066956
0.19389295578
0.130524873734
0.123454093933
0.130753993988
0.119996070862
0.116032838821
0.116425991058
0.106445074081
0.113408088684
0.145151853561
0.11821603775
0.13213801384
0.093337059021
0.108279943466
0.115880012512
0.145451068878
0.0945658683777
0.121423006058
0.104230165482
0.104935884476
0.128121137619
0.120944976807
0.108995914459
0.150574922562
0.0992941856384
0.119022846222
0.114198923111
0.398360013962
0.130141019821
0.122908115387
3.53239202499
0.318984031677
0.188309907913
0.312326908112
0.232300043106
0.142590045929
0.123294115067
0.0799849033356
0.123149871826
0.141225099564
0.0936810970306
0.128619909286
0.116961956024
0.107996940613
0.149388074875
0.0605499744415
0.126360177994
0.104901790619
0.111642122269
0.121417045593
0.111171007156
0.102566957474
0.11544585228
0.0907390117645
0.210096120834
0.115437984467
0.194181919098
0.099308013916
0.10381603241
0.143320083618
0.107600927353
0.0896329879761
0.122231006622
0.113661050797
0.110261917114
0.107268095016
0.117719888687
0.0990061759949
0.113036870956
0.110085010529
0.0956718921661
0.123472213745
0.0942988395691
0.109462022781
0.00377607345581
7.79628753662e-05
5.19752502441e-05
3.31401824951e-05
3.38554382324e-05
7.5101852417e-05
3.981590271e-05
3.50475311279e-05
3.50475311279e-05
3.40938568115e-05
0.000108957290649
3.50475311279e-05
3.38554382324e-05
3.21865081787e-05
3.38554382324e-05
3.19480895996e-05
3.31401824951e-05
3.2901763916e-05
3.50475311279e-05
3.40938568115e-05
3.38554382324e-05
3.50475311279e-05
3.40938568115e-05
3.2901763916e-05
2.90870666504e-05
2.78949737549e-05
3.50475311279e-05
3.38554382324e-05
3.40938568115e-05
3.40938568115e-05
3.2901763916e-05
3.40938568115e-05
3.2901763916e-05
3.31401824951e-05
3.38554382324e-05
3.31401824951e-05
3.38554382324e-05
3.50475311279e-05
3.50475311279e-05
3.2901763916e-05
3.19480895996e-05
3.21865081787e-05
3.48091125488e-05
3.40938568115e-05
3.2901763916e-05
3.40938568115e-05
3.50475311279e-05
3.38554382324e-05
3.40938568115e-05
3.2901763916e-05
3.40938568115e-05
3.40938568115e-05
3.38554382324e-05
3.31401824951e-05
3.2901763916e-05
3.2901763916e-05
3.40938568115e-05
3.40938568115e-05
3.19480895996e-05
3.2901763916e-05
3.31401824951e-05
3.50475311279e-05
3.38554382324e-05
3.40938568115e-05
3.38554382324e-05
3.50475311279e-05
3.31401824951e-05
3.2901763916e-05
3.2901763916e-05
3.50475311279e-05
3.00407409668e-05
3.50475311279e-05
3.60012054443e-05
3.79085540771e-05
3.81469726562e-05
4.19616699219e-05
3.88622283936e-05
3.50475311279e-05
3.91006469727e-05
3.69548797607e-05
3.69548797607e-05
3.31401824951e-05
2.69412994385e-05
2.59876251221e-05
2.69412994385e-05
2.59876251221e-05
2.69412994385e-05
2.59876251221e-05
2.59876251221e-05
2.62260437012e-05
2.59876251221e-05
2.69412994385e-05
2.59876251221e-05
2.69412994385e-05
2.50339508057e-05
2.59876251221e-05
2.69412994385e-05
2.59876251221e-05
2.59876251221e-05
2.50339508057e-05
2.69412994385e-05
2.62260437012e-05
2.59876251221e-05
2.47955322266e-05
2.71797180176e-05
5.19752502441e-05
3.00407409668e-05
2.59876251221e-05
2.59876251221e-05
2.69412994385e-05
2.50339508057e-05
2.59876251221e-05
2.59876251221e-05
2.69412994385e-05
2.59876251221e-05
2.50339508057e-05
2.59876251221e-05
2.50339508057e-05
2.59876251221e-05
2.69412994385e-05
2.59876251221e-05
2.71797180176e-05
2.69412994385e-05
2.69412994385e-05
2.69412994385e-05
2.59876251221e-05
2.71797180176e-05
2.69412994385e-05
2.59876251221e-05
2.50339508057e-05
2.59876251221e-05
2.50339508057e-05
2.59876251221e-05
2.59876251221e-05
2.59876251221e-05
2.59876251221e-05
2.59876251221e-05
2.59876251221e-05
2.59876251221e-05
2.59876251221e-05
2.50339508057e-05
2.59876251221e-05
2.59876251221e-05
2.50339508057e-05
2.59876251221e-05
2.59876251221e-05
2.50339508057e-05
2.59876251221e-05
2.69412994385e-05
2.59876251221e-05
2.59876251221e-05
2.71797180176e-05
2.47955322266e-05
2.71797180176e-05
2.59876251221e-05
2.78949737549e-05
3.00407409668e-05
2.69412994385e-05
2.59876251221e-05
2.69412994385e-05
2.71797180176e-05
2.69412994385e-05
2.50339508057e-05
2.59876251221e-05
2.69412994385e-05
2.59876251221e-05
2.59876251221e-05
2.59876251221e-05
2.59876251221e-05
2.59876251221e-05
2.59876251221e-05
2.62260437012e-05
2.59876251221e-05
2.59876251221e-05
2.69412994385e-05
2.59876251221e-05
2.59876251221e-05
2.59876251221e-05
2.59876251221e-05
2.59876251221e-05
2.59876251221e-05
2.50339508057e-05
2.69412994385e-05
2.59876251221e-05
2.59876251221e-05
2.59876251221e-05
2.50339508057e-05
2.59876251221e-05
2.59876251221e-05
2.50339508057e-05
2.69412994385e-05
2.71797180176e-05
2.50339508057e-05
2.59876251221e-05
2.69412994385e-05
2.59876251221e-05
2.59876251221e-05
2.59876251221e-05
2.59876251221e-05
2.50339508057e-05
2.69412994385e-05
2.50339508057e-05
2.59876251221e-05
2.59876251221e-05
2.59876251221e-05
2.59876251221e-05
2.50339508057e-05
2.50339508057e-05
2.59876251221e-05
2.50339508057e-05
2.69412994385e-05
2.59876251221e-05
2.69412994385e-05
2.59876251221e-05
2.50339508057e-05
2.59876251221e-05
2.59876251221e-05
2.62260437012e-05
2.59876251221e-05
2.69412994385e-05
2.50339508057e-05
2.50339508057e-05
2.59876251221e-05
2.47955322266e-05
2.59876251221e-05
2.71797180176e-05
2.59876251221e-05
2.50339508057e-05
2.59876251221e-05
2.50339508057e-05
2.47955322266e-05
2.59876251221e-05
4.81605529785e-05
2.78949737549e-05
2.50339508057e-05
2.59876251221e-05
2.50339508057e-05
2.59876251221e-05
8.01086425781e-05
2.78949737549e-05
2.59876251221e-05
2.50339508057e-05
2.59876251221e-05
2.59876251221e-05
2.59876251221e-05
2.50339508057e-05
new session 
new session 
new session 
new session 
94.7051010132
0.262522935867
0.222180128098
0.280884981155
0.202882051468
0.147088050842
0.0930178165436
0.105695009232
0.0953299999237
0.132364988327
0.101994991302
0.0932900905609
0.0937919616699
0.108716964722
0.104674100876
0.0856499671936
0.124233007431
0.093817949295
0.0765800476074
0.128990888596
0.151033163071
0.106204986572
0.11460185051
0.108870029449
0.117253065109
0.116712093353
0.328951835632
0.229375123978
0.247633934021
0.228320121765
new session 
new session 
new session 
new session 
new session 
98.6919240952
0.000101089477539
3.69548797607e-05
4.79221343994e-05
3.81469726562e-05
4.19616699219e-05
3.60012054443e-05
3.50475311279e-05
3.88622283936e-05
4.31537628174e-05
4.38690185547e-05
3.79085540771e-05
3.40938568115e-05
3.50475311279e-05
3.19480895996e-05
3.09944152832e-05
3.31401824951e-05
3.09944152832e-05
3.19480895996e-05
3.09944152832e-05
3.19480895996e-05
3.19480895996e-05
3.19480895996e-05
3.31401824951e-05
3.09944152832e-05
6.103515625e-05
5.98430633545e-05
5.69820404053e-05
5.22136688232e-05
5.29289245605e-05
5.19752502441e-05
5.19752502441e-05
5.19752502441e-05
5.10215759277e-05
5.19752502441e-05
5.19752502441e-05
5.19752502441e-05
5.19752502441e-05
5.22136688232e-05
5.07831573486e-05
5.41210174561e-05
5.10215759277e-05
5.00679016113e-05
5.19752502441e-05
5.10215759277e-05
5.10215759277e-05
5.29289245605e-05
5.3882598877e-05
5.10215759277e-05
5.19752502441e-05
5.00679016113e-05
5.10215759277e-05
4.88758087158e-05
5.10215759277e-05
5.19752502441e-05
5.10215759277e-05
4.81605529785e-05
4.98294830322e-05
5.41210174561e-05
5.29289245605e-05
5.41210174561e-05
5.69820404053e-05
5.69820404053e-05
5.60283660889e-05
5.60283660889e-05
5.69820404053e-05
5.3882598877e-05
5.31673431396e-05
5.3882598877e-05
5.19752502441e-05
5.19752502441e-05
5.31673431396e-05
5.29289245605e-05
5.19752502441e-05
5.19752502441e-05
5.10215759277e-05
5.19752502441e-05
7.60555267334e-05
5.3882598877e-05
5.19752502441e-05
5.19752502441e-05
5.41210174561e-05
5.50746917725e-05
5.48362731934e-05
5.50746917725e-05
5.19752502441e-05
5.41210174561e-05
8.39233398438e-05
6.69956207275e-05
5.50746917725e-05
5.3882598877e-05
5.19752502441e-05
5.31673431396e-05
5.29289245605e-05
5.10215759277e-05
4.98294830322e-05
5.22136688232e-05
5.19752502441e-05
5.19752502441e-05
5.10215759277e-05
4.98294830322e-05
5.22136688232e-05
5.29289245605e-05
5.29289245605e-05
5.29289245605e-05
5.50746917725e-05
new session 
73.9777591228
7.48634338379e-05
6.50882720947e-05
9.29832458496e-05
4.50611114502e-05
4.10079956055e-05
3.981590271e-05
0.000236988067627
new session 
79.9567120075
6.79492950439e-05
0.00018310546875
new session 
79.6003029346
8.60691070557e-05
5.00679016113e-05
3.88622283936e-05
3.79085540771e-05
3.81469726562e-05
4.00543212891e-05
3.69548797607e-05
3.79085540771e-05
3.69548797607e-05
3.60012054443e-05
3.71932983398e-05
3.69548797607e-05
3.69548797607e-05
3.60012054443e-05
3.60012054443e-05
3.79085540771e-05
4.31537628174e-05
4.38690185547e-05
4.10079956055e-05
4.6968460083e-05
4.31537628174e-05
4.29153442383e-05
4.29153442383e-05
4.50611114502e-05
4.6968460083e-05
4.81605529785e-05
4.6968460083e-05
4.10079956055e-05
3.79085540771e-05
3.91006469727e-05
3.60012054443e-05
3.69548797607e-05
3.88622283936e-05
3.60012054443e-05
3.71932983398e-05
3.79085540771e-05
3.69548797607e-05
3.91006469727e-05
3.79085540771e-05
3.69548797607e-05
3.81469726562e-05
3.981590271e-05
3.91006469727e-05
3.79085540771e-05
3.81469726562e-05
7.10487365723e-05
4.48226928711e-05
3.91006469727e-05
3.69548797607e-05
3.69548797607e-05
3.81469726562e-05
3.88622283936e-05
4.00543212891e-05
3.69548797607e-05
3.81469726562e-05
3.88622283936e-05
3.91006469727e-05
3.79085540771e-05
3.91006469727e-05
3.69548797607e-05
3.79085540771e-05
3.71932983398e-05
3.69548797607e-05
3.79085540771e-05
3.91006469727e-05
3.79085540771e-05
3.60012054443e-05
3.69548797607e-05
3.69548797607e-05
3.60012054443e-05
3.81469726562e-05
3.79085540771e-05
4.00543212891e-05
3.69548797607e-05
3.81469726562e-05
3.79085540771e-05
3.50475311279e-05
3.60012054443e-05
3.79085540771e-05
3.69548797607e-05
3.81469726562e-05
4.38690185547e-05
4.50611114502e-05
4.19616699219e-05
4.19616699219e-05
4.19616699219e-05
4.2200088501e-05
4.10079956055e-05
3.79085540771e-05
3.91006469727e-05
3.69548797607e-05
4.10079956055e-05
3.79085540771e-05
3.79085540771e-05
3.91006469727e-05
3.79085540771e-05
4.00543212891e-05
3.91006469727e-05
3.69548797607e-05
3.69548797607e-05
3.69548797607e-05
3.50475311279e-05
3.81469726562e-05
3.88622283936e-05
3.79085540771e-05
3.60012054443e-05
3.50475311279e-05
3.91006469727e-05
3.69548797607e-05
3.91006469727e-05
3.79085540771e-05
3.79085540771e-05
3.91006469727e-05
4.10079956055e-05
4.00543212891e-05
3.69548797607e-05
4.10079956055e-05
4.29153442383e-05
4.19616699219e-05
4.2200088501e-05
3.79085540771e-05
4.00543212891e-05
3.79085540771e-05
3.79085540771e-05
3.81469726562e-05
3.79085540771e-05
3.91006469727e-05
3.69548797607e-05
4.10079956055e-05
4.60147857666e-05
6.29425048828e-05
4.41074371338e-05
3.69548797607e-05
5.00679016113e-05
4.6968460083e-05
3.69548797607e-05
3.88622283936e-05
4.50611114502e-05
4.91142272949e-05
4.10079956055e-05
3.981590271e-05
4.00543212891e-05
new session 
4.69897794724
0.999391078949
0.529681921005
0.221817970276
0.196595907211
0.275150060654
1.54857301712
0.924427986145
1.46823501587
0.368715047836
0.801930904388
0.140007972717
0.57216501236
0.421282052994
0.526898145676
0.872414827347
0.997539043427
1.02165794373
0.120244979858
0.158341169357
0.509680986404
0.279783010483
0.521428823471
0.163401126862
2.50800490379
0.593762159348
0.246388912201
0.712472915649
0.488082170486
0.581486940384
0.86091709137
0.797208786011
0.25287103653
0.753695964813
1.45081019402
1.15653395653
1.32595205307
0.187900781631
1.76392817497
0.323158979416
1.02706694603
0.749393939972
0.586249113083
0.280955076218
0.413942813873
0.32634806633
0.523786067963
0.884716033936
0.602374792099
0.785125017166
1.38383102417
0.73853802681
0.0825929641724
0.106650114059
2.30353689194
0.52228808403
0.486914873123
1.51805019379
0.371173858643
3.0813601017
2.52057504654
0.0991909503937
0.198333978653
0.124511003494
0.162841081619
0.129490852356
0.138102054596
0.160741090775
0.171975851059
0.123564958572
0.113702058792
1.17131614685
0.178122997284
0.8445789814
0.136886835098
0.868433952332
0.134095191956
0.142210960388
0.135551929474
0.119988918304
0.119420051575
0.207168102264
0.237144947052
0.102109909058
0.13489818573
0.137941837311
0.119131088257
0.102960109711
0.119599819183
0.134533166885
0.158113956451
0.133470058441
0.0929589271545
0.129744052887
0.128045797348
0.117238044739
0.179388046265
0.126621007919
0.164026021957
0.121725082397
0.131709814072
0.133154153824
0.12664103508
0.112793922424
0.129091024399
0.12686085701
0.219259023666
0.169391155243
0.293809890747
0.121073961258
0.130151987076
0.126891136169
0.112768888474
0.139419078827
0.12503695488
0.123297929764
0.255834102631
0.238095998764
0.141813993454
0.146976947784
0.117243051529
0.23052406311
0.270671844482
0.792114973068
0.707093000412
0.292699098587
0.158155918121
0.104640007019
0.110903024673
0.106304168701
0.418396949768
0.120494842529
0.136030197144
0.786890983582
0.143828868866
0.130396127701
0.168876886368
0.140296936035
0.457956075668
0.826110124588
0.379873991013
3.16572499275
5.29289245605e-05
4.6968460083e-05
7.60555267334e-05
new session 
9.23814797401
21.4703559875
0.307863950729
0.403157949448
new session 
4.74019908905
0.125387907028
0.31706404686
0.208713054657
0.263561964035
0.119431018829
0.285228967667
0.156141996384
0.128509998322
0.160941123962
0.137542963028
0.115712881088
0.242365121841
0.188883066177
0.129290819168
0.223963022232
0.141052007675
0.131484985352
0.117343187332
0.151088953018
0.130748033524
0.161448955536
0.144595861435
0.147653102875
0.141884088516
0.154954910278
0.163927078247
0.168618917465
0.104011058807
0.102988004684
0.127799987793
0.348708868027
0.14298415184
0.142971992493
0.145432949066
0.109076976776
0.144566059113
0.199079036713
0.139664888382
0.170921087265
0.158989906311
0.121307134628
0.12513589859
0.149970054626
0.119395971298
0.123509883881
0.150475025177
0.130766153336
0.126577854156
0.278836965561
0.113521099091
0.249227046967
0.13550901413
0.311990022659
0.149483919144
0.211441993713
0.123547077179
0.157130002975
0.102895975113
0.123101949692
0.154396057129
0.116740942001
0.0999040603638
0.17289185524
0.129580020905
0.222038030624
0.158028125763
0.10741186142
0.132369995117
0.257471084595
0.143372058868
0.139872789383
0.134927988052
0.16290307045
0.106878995895
0.125560045242
0.252579927444
0.143038988113
0.139499187469
0.245006799698
0.115359067917
0.244307041168
0.127454042435
0.180861949921
0.126447916031
0.151415109634
0.12264585495
0.202079057693
0.120758056641
0.274723052979
0.112041950226
0.142348051071
0.120818853378
0.223526000977
0.114163160324
0.136775970459
0.141742944717
0.133740901947
0.266986131668
0.149903059006
0.134807825089
0.190618038177
0.120495080948
0.114950895309
0.238181114197
0.113790988922
0.205931901932
0.112102031708
0.154947042465
0.127394914627
0.144037008286
0.134680986404
0.212023973465
0.0819101333618
0.116461038589
0.130272865295
0.237409114838
0.105483055115
0.132571935654
0.215286016464
0.12934589386
0.12064409256
0.229500055313
0.151041984558
0.129648923874
0.160150051117
0.129145860672
0.209342002869
0.115122079849
0.137387990952
0.152559041977
0.204087018967
0.148884057999
0.0958759784698
0.121932983398
0.115358829498
0.117076158524
0.257586956024
0.0865380764008
0.277855873108
0.119632959366
0.214232206345
0.106160879135
0.301836967468
0.135529994965
0.134680986404
0.119611024857
0.247410058975
0.110122919083
0.187994003296
0.120020151138
0.110165834427
0.110556125641
0.251307964325
0.113286972046
0.120037078857
0.208432912827
0.166347980499
0.190244913101
0.171590089798
0.129501104355
0.133256912231
0.205711126328
0.159267902374
0.111411094666
0.259770870209
0.121851921082
0.109405040741
0.260697126389
0.117563962936
0.120140075684
0.250518798828
0.126446008682
0.156620025635
0.132087945938
0.11803817749
0.227363824844
0.150778055191
0.122288942337
0.247676134109
0.123861074448
0.176399946213
0.120805978775
0.116204023361
0.17178106308
0.105299949646
0.106006860733
0.154272079468
0.125180006027
0.216871976852
0.116857051849
0.261296033859
0.121950864792
0.252753973007
0.127377033234
0.13067817688
0.144176959991
0.234627008438
0.122936964035
0.222671031952
0.127254009247
0.191149950027
0.114565849304
0.165623188019
0.117872953415
0.162024974823
0.14288687706
0.168987035751
0.137361049652
0.125251054764
0.194442033768
0.140878915787
0.0993099212646
0.126535177231
0.149725914001
0.124324083328
0.128857851028
0.254791975021
0.10288310051
0.121877908707
0.199346065521
0.104686021805
0.266392946243
0.0873391628265
0.104695796967
0.115963220596
0.157386779785
0.122598171234
0.210568904877
0.15666103363
0.120106935501
0.22318816185
0.152228832245
0.0886600017548
0.13597202301
0.115926980972
0.257905006409
0.116646051407
0.103095054626
0.0823588371277
0.28450512886
0.114619016647
0.119339942932
0.155647039413
0.135083913803
0.116827964783
0.157172203064
0.224485874176
0.116750955582
0.148704051971
0.0975730419159
0.17783498764
0.142734050751
0.119349002838
0.172036886215
0.172678947449
0.124170064926
0.176924943924
0.0839021205902
0.142009019852
0.107969045639
0.196477890015
0.102576971054
0.138096094131
0.128473997116
0.204993963242
0.100703954697
0.0981709957123
0.110989093781
0.0716240406036
0.125297784805
0.25489115715
0.123605966568
0.154412031174
0.130176067352
0.218252897263
0.158619880676
0.0943441390991
0.13506102562
0.120877027512
0.140945911407
0.11687207222
0.126119852066
0.1450111866
0.123621940613
0.217975854874
0.115366220474
0.252958774567
0.111462116241
0.161375045776
0.141404867172
0.19581413269
0.152245044708
0.142612934113
0.130523920059
0.246472120285
0.119268894196
0.152271032333
0.130845069885
0.207048892975
0.111055135727
0.243982791901
0.129902124405
0.085963010788
0.179910898209
0.117400169373
0.114671945572
0.102055072784
0.107894897461
0.140544891357
0.12987613678
0.12177491188
0.249413013458
0.123472929001
0.122849225998
0.294107913971
0.13046503067
0.149708032608
0.109055995941
0.250921010971
0.118443012238
0.123622894287
0.253312110901
0.119052886963
0.213398933411
0.16562795639
0.12358212471
0.138727903366
0.159895181656
0.112748861313
0.249568939209
0.119858026505
0.201380968094
0.116919994354
0.252122163773
0.110455989838
0.110853910446
0.119559049606
0.156315088272
0.116360902786
0.196110963821
0.11057806015
0.190507888794
0.158663988113
0.12570810318
0.100433111191
0.0795249938965
0.146054983139
0.174705982208
0.179261922836
0.111124992371
0.210120916367
0.12529706955
0.276864051819
0.0996088981628
0.256761074066
0.11368894577
0.198730945587
0.0803251266479
0.191320896149
0.131048202515
0.116931915283
0.25685095787
0.106573104858
0.122425794601
0.112681150436
0.165802955627
0.189403057098
0.107954978943
0.118145942688
0.249382019043
0.126754999161
0.215279102325
0.14879488945
0.117847919464
0.213116168976
0.147363901138
0.128190040588
0.204704999924
0.129945993423
0.117489099503
0.207748889923
0.134517908096
0.121923208237
0.148170948029
0.126728057861
0.108767986298
0.110982894897
0.251127958298
0.121211051941
0.119966983795
0.260627985001
0.103379011154
0.116735935211
0.248432159424
0.115350961685
0.217885017395
0.109244823456
0.274705171585
0.0864748954773
0.107888936996
0.100348234177
0.124992847443
0.196882963181
0.140015125275
0.141592979431
0.166182994843
0.133925914764
0.172976970673
0.111266136169
0.101068973541
0.120940923691
0.24858212471
0.133648872375
0.0926630496979
0.12042593956
0.246574163437
0.127654790878
0.277122020721
0.102569103241
0.126717090607
0.213820934296
0.138436079025
0.137517929077
0.137588977814
0.133595943451
0.130669116974
0.152585983276
0.111879825592
0.125245094299
0.186357021332
0.0960669517517
0.167380094528
0.126929998398
0.112189054489
0.246110916138
0.127904891968
0.0977339744568
0.243394136429
0.154106855392
0.1704621315
0.113039970398
0.218737125397
0.163608789444
0.241717100143
0.144666910172
0.323794126511
0.0930020809174
0.108388900757
0.121668100357
0.15688085556
0.108359098434
0.11844086647
0.248454093933
0.121662855148
0.12247300148
0.200850009918
0.142840147018
0.131974935532
0.152307987213
0.139758110046
0.119447946548
0.242744922638
0.118767976761
0.209643125534
0.127713918686
0.128834962845
0.135059118271
0.122732877731
0.175002098083
0.134783029556
0.162734031677
0.12854385376
0.236987113953
0.126490831375
0.19882106781
0.0957820415497
0.134438991547
0.232296943665
0.11300110817
0.209717035294
0.0928900241852
0.135069847107
0.135622024536
0.12632894516
0.100009202957
0.12851691246
0.13722205162
0.125690937042
0.168148040771
0.124644994736
0.130084037781
0.1830098629
0.149260997772
0.109620094299
0.131576061249
0.255292892456
0.0951180458069
0.128712892532
0.121720075607
0.143004894257
0.143254995346
0.116365194321
0.295763969421
0.14141702652
0.128975868225
0.125913143158
0.237562894821
0.112828016281
0.185411930084
0.112504005432
0.133847951889
0.113268136978
0.133259057999
0.134652853012
0.149821043015
0.135879039764
0.12792801857
0.15226984024
0.115447044373
0.208646059036
0.116847991943
0.170599937439
0.113166093826
0.243071079254
0.124398946762
0.106185913086
0.115675926208
0.245425224304
0.124140977859
0.164095878601
0.122970104218
0.216951847076
0.149249076843
0.13930106163
0.120511054993
0.134681940079
0.12585401535
0.112432003021
0.159219026566
0.12656879425
0.108314037323
0.0761761665344
0.244197845459
0.138765096664
0.141010046005
0.103919029236
0.257595777512
0.111575126648
0.121476888657
0.254647016525
0.12025308609
0.108556985855
0.122971057892
0.132457017899
0.137917995453
0.208156824112
0.101521015167
0.247838020325
0.125097990036
0.117338180542
0.243616819382
0.154299974442
0.108758211136
0.163074016571
0.128790855408
0.129544973373
0.13636803627
0.122424125671
0.24517083168
0.109303951263
0.112356185913
0.111881017685
0.257038831711
0.101217031479
0.112905979156
0.126919984818
0.10758805275
0.145385026932
0.202299118042
0.130678892136
0.0925920009613
0.0864589214325
0.134124040604
0.0935039520264
0.182459115982
0.108716011047
0.252878904343
0.110679149628
0.122177839279
0.154587984085
0.141602993011
0.150390148163
0.119956016541
0.220548868179
0.151580095291
0.107359886169
0.234400033951
0.152281045914
0.0897190570831
0.150152921677
0.176301956177
0.121757984161
0.264439105988
0.108721017838
0.198485851288
0.174754142761
0.115346908569
0.196969032288
0.0996530056
0.12593793869
0.174591064453
0.115248918533
0.208273172379
0.131283998489
0.139539003372
0.107330799103
0.141484022141
0.140586137772
0.0774729251862
0.289814949036
0.119232177734
0.138583898544
0.179187059402
0.149739980698
0.118018865585
0.208854198456
0.10055398941
0.116894006729
0.25271487236
0.129354953766
0.154813051224
0.240994930267
0.118648052216
0.207127094269
0.183658838272
0.146435022354
0.120391130447
0.222409009933
0.101711034775
0.24378991127
0.143559932709
0.159976959229
0.126370191574
0.086140871048
0.159759998322
0.186417102814
0.123476028442
0.123958826065
0.12540602684
0.0607430934906
8.20159912109e-05
4.50611114502e-05
3.38554382324e-05
3.19480895996e-05
3.21865081787e-05
3.2901763916e-05
3.40938568115e-05
3.19480895996e-05
3.19480895996e-05
3.09944152832e-05
5.19752502441e-05
5.50746917725e-05
5.50746917725e-05
5.48362731934e-05
5.41210174561e-05
6.38961791992e-05
6.69956207275e-05
6.41345977783e-05
6.5803527832e-05
6.50882720947e-05
6.38961791992e-05
6.60419464111e-05
6.91413879395e-05
6.38961791992e-05
6.91413879395e-05
6.48498535156e-05
9.79900360107e-05
7.20024108887e-05
6.41345977783e-05
6.38961791992e-05
6.50882720947e-05
6.89029693604e-05
6.79492950439e-05
6.60419464111e-05
6.91413879395e-05
6.48498535156e-05
6.79492950439e-05
6.50882720947e-05
6.69956207275e-05
6.69956207275e-05
6.69956207275e-05
6.60419464111e-05
6.60419464111e-05
6.69956207275e-05
6.60419464111e-05
6.69956207275e-05
6.69956207275e-05
6.79492950439e-05
6.60419464111e-05
6.79492950439e-05
6.38961791992e-05
new session 
4.6898059845
0.247977972031
0.268324136734
0.173238992691
0.26270198822
0.169494867325
0.146286010742
0.321541070938
0.192682981491
0.183322906494
0.142564058304
0.184577941895
0.173150062561
0.294584989548
0.160066127777
0.251587867737
0.137669086456
0.127889871597
0.158617019653
0.125894069672
0.116281986237
0.153253078461
0.1613240242
0.130056858063
0.142838954926
0.106240034103
0.160068035126
0.116091012955
0.211231946945
0.176890134811
0.108887910843
0.120337963104
0.250411987305
0.113326072693
0.201150894165
0.12263417244
0.155306816101
0.122364997864
0.178267002106
0.114117145538
0.119199991226
0.150903940201
0.132287025452
0.130407094955
0.131865024567
0.230620861053
0.0989100933075
0.127974033356
0.129821777344
0.142420053482
0.210386037827
0.151425123215
0.121133804321
0.134613990784
0.135501146317
0.117173910141
0.139263153076
0.144934892654
0.106292009354
0.131409883499
0.155874013901
0.13040304184
0.132646083832
0.115711927414
0.135365009308
0.162294149399
0.120691776276
0.119358062744
0.129701137543
0.236681938171
0.104940891266
0.124377012253
0.137451171875
0.121758937836
0.217943906784
0.101161003113
0.0997829437256
0.122752189636
0.126245975494
0.123560905457
0.214690923691
0.165325164795
0.130305051804
0.158764839172
0.123106002808
0.210041046143
0.152050971985
0.139904022217
0.183994054794
0.096853017807
0.165367841721
0.170744180679
0.154601812363
0.144842147827
0.142068862915
0.120794057846
0.279932022095
0.0907220840454
0.221341848373
0.138173103333
0.110217094421
0.169820785522
0.13002204895
0.149369001389
0.236294984818
0.157166957855
0.104345083237
0.183512926102
0.15450501442
0.171396970749
0.138438224792
0.178536891937
0.135143041611
0.125205993652
0.175579071045
0.132742881775
0.122184038162
0.127279996872
0.132055997849
0.14221405983
0.164587974548
0.213577985764
0.166156053543
0.137875795364
0.181648015976
0.275475978851
0.16287612915
0.260395050049
0.145092964172
0.123027086258
0.142456769943
0.178582191467
0.205096960068
0.127166032791
0.177603960037
0.149816989899
0.192898988724
0.156184911728
0.139513015747
0.144581079483
0.134517908096
0.205317020416
0.1100730896
0.216789007187
0.157157897949
0.120665073395
0.137857913971
0.128893136978
0.104986906052
0.11347413063
0.145419836044
0.119939088821
0.225990056992
0.166913986206
0.11662197113
0.104531049728
0.207594871521
0.157601118088
0.121519804001
0.0959892272949
0.133049964905
0.118505001068
0.117882013321
0.115829944611
0.123551845551
0.154543161392
0.147436857224
0.150123119354
0.119503974915
0.203566074371
0.099102973938
0.114076852798
0.144165039062
0.125331163406
0.220368862152
0.15904712677
0.1370677948
0.156006097794
0.1167781353
0.118862867355
0.154444932938
0.148076057434
0.206438064575
0.122191905975
0.121637105942
0.130802869797
0.122896194458
0.157424926758
0.336148023605
0.209851980209
0.48097205162
0.191878795624
0.184556007385
0.137787103653
0.0950419902802
0.292122125626
0.125991821289
0.166983127594
0.138917922974
0.144246101379
0.111267805099
0.142220020294
0.232187986374
0.143809080124
0.109419107437
0.118459939957
0.189517974854
0.125658988953
0.131431102753
0.139789819717
0.195041179657
0.155898809433
0.113979101181
0.120657920837
0.112300157547
0.271983861923
0.1197681427
0.109812021255
0.218614816666
0.0896890163422
0.136039018631
0.223921060562
0.117774963379
0.150424003601
0.11391210556
0.134450912476
0.130486011505
0.125719070435
0.244434833527
0.206715106964
0.148726940155
0.112324953079
0.107573986053
0.248174190521
0.114128828049
0.128863096237
0.17483496666
0.0988891124725
0.0927169322968
0.133786916733
0.155849933624
0.115131139755
0.134919881821
0.161530017853
0.1175801754
0.188884973526
0.107559919357
0.134094953537
0.142423152924
0.228632926941
0.165153980255
0.212678909302
0.147988080978
0.121452093124
0.106323003769
0.131442785263
0.1439640522
0.121162176132
0.190356969833
0.155107975006
0.113869905472
0.142930030823
0.189426898956
0.133498191833
0.156814813614
0.162770032883
0.116953134537
0.0897450447083
0.130323886871
0.153876066208
0.131413936615
0.100647926331
0.570332050323
1.07641506195
0.284647941589
0.132327079773
0.296648979187
0.144862890244
0.118390083313
0.219211101532
0.142882823944
0.170879125595
0.166369915009
0.120984077454
0.196578025818
0.125032901764
0.177449941635
0.0987169742584
0.113938093185
0.256031990051
0.116208076477
0.105073928833
0.12526011467
0.131155014038
0.116496801376
0.119553089142
0.205303907394
0.165312051773
0.115396976471
0.119265079498
0.161388874054
0.184756994247
0.158889055252
0.113785028458
0.112397909164
0.129853010178
0.107135057449
0.0913889408112
0.114109039307
0.10372710228
0.121823072433
0.171211957932
0.12255191803
0.23895406723
0.12445306778
0.131294965744
0.142212867737
0.0956399440765
0.136116027832
0.111809968948
0.234090089798
0.120970010757
0.0851418972015
0.138459205627
0.146145820618
0.130536079407
0.172394037247
0.133519887924
0.120386123657
0.246379852295
0.129553079605
0.155112981796
0.14048409462
0.187204837799
0.1556391716
0.121491909027
0.112447977066
0.0931479930878
0.130210161209
0.14443898201
0.131148815155
0.168399095535
0.102257966995
0.122152090073
0.118603944778
0.143934011459
0.116518974304
0.108209133148
0.0922009944916
0.122684001923
0.193223953247
0.119376897812
0.23473906517
0.0972108840942
0.117243051529
0.0983231067657
0.117081880569
0.208472013474
0.146263122559
0.12043094635
0.113406896591
0.0969750881195
0.139280080795
0.121246814728
0.125847101212
0.197867870331
0.101561069489
0.117341041565
0.210263967514
0.117804050446
0.139141082764
0.204697847366
0.12749004364
0.13149189949
0.116986036301
0.211357116699
0.126502037048
0.125612974167
0.115026950836
0.272567033768
0.108169078827
0.1353328228
0.148442983627
0.154172182083
0.161129951477
0.137833833694
0.129482030869
0.141203165054
0.121574878693
0.0990850925446
0.153722047806
0.0877718925476
0.138369083405
0.175123929977
0.185684919357
0.131608963013
0.117859125137
0.0939109325409
0.104699134827
0.11411690712
0.126040935516
0.215561151505
0.125787973404
0.129413843155
0.127859115601
0.136806964874
0.220071077347
0.113085985184
0.139503002167
0.115449905396
0.15695309639
0.143226861954
0.19216299057
0.111038208008
0.128571987152
0.12934589386
0.129034996033
0.167320013046
0.130053043365
0.145164966583
0.124511003494
0.226459026337
0.169317960739
0.127758026123
0.0996050834656
0.123420953751
0.141145944595
0.215723991394
0.0969059467316
0.120669126511
0.141504049301
0.152209997177
0.155425786972
0.117495059967
0.0952191352844
0.119302988052
0.106755971909
0.162919044495
0.193473815918
0.114777088165
0.112580060959
0.178627967834
0.177967071533
0.121376991272
0.164253950119
0.126653909683
0.137537956238
0.125640153885
0.130447864532
0.0939581394196
0.113589048386
0.133096933365
0.150676965714
0.128406047821
0.155938863754
0.10715508461
0.132306098938
0.147735834122
0.106312990189
0.13707113266
0.256139039993
0.173581838608
0.138174057007
0.197783946991
0.11256313324
0.127280950546
0.115740060806
0.138523817062
0.189061164856
0.110183954239
0.130609989166
0.130651950836
0.118227005005
0.23951792717
0.134510040283
0.117140054703
0.114926099777
0.0907139778137
0.142671823502
0.230689048767
0.123317956924
0.128169059753
0.160629987717
0.205682992935
0.121766090393
0.150614976883
0.120976924896
0.131852149963
0.160050868988
0.132375001907
0.124570131302
0.124248027802
0.133900880814
0.134124040604
0.128242015839
0.122216939926
0.151726007462
0.135595083237
0.172433853149
0.104423999786
0.10335111618
0.121964931488
0.107266902924
0.146323204041
0.221148967743
0.101035833359
0.121397018433
0.185548067093
0.136627912521
0.132887125015
0.269521951675
0.115107059479
0.125277996063
0.197494983673
0.112797021866
0.0285050868988
0.00011682510376
4.50611114502e-05
3.79085540771e-05
2.21729278564e-05
3.88622283936e-05
2.09808349609e-05
2.09808349609e-05
2.09808349609e-05
2.00271606445e-05
2.00271606445e-05
2.09808349609e-05
2.00271606445e-05
2.00271606445e-05
1.90734863281e-05
2.09808349609e-05
2.00271606445e-05
2.09808349609e-05
2.00271606445e-05
2.00271606445e-05
1.97887420654e-05
3.00407409668e-05
4.31537628174e-05
3.19480895996e-05
2.09808349609e-05
2.09808349609e-05
2.09808349609e-05
0.000105142593384
3.79085540771e-05
2.40802764893e-05
2.09808349609e-05
2.00271606445e-05
2.09808349609e-05
1.8835067749e-05
2.09808349609e-05
2.00271606445e-05
2.09808349609e-05
2.00271606445e-05
2.00271606445e-05
2.00271606445e-05
2.00271606445e-05
2.00271606445e-05
2.00271606445e-05
2.09808349609e-05
1.8835067749e-05
2.00271606445e-05
2.00271606445e-05
2.00271606445e-05
2.00271606445e-05
2.00271606445e-05
2.00271606445e-05
2.00271606445e-05
2.00271606445e-05
2.09808349609e-05
2.00271606445e-05
1.97887420654e-05
2.00271606445e-05
2.00271606445e-05
2.00271606445e-05
2.00271606445e-05
2.00271606445e-05
2.00271606445e-05
2.00271606445e-05
1.97887420654e-05
2.00271606445e-05
2.00271606445e-05
2.00271606445e-05
2.31266021729e-05
3.38554382324e-05
3.60012054443e-05
3.81469726562e-05
4.10079956055e-05
4.19616699219e-05
3.2901763916e-05
2.19345092773e-05
2.00271606445e-05
2.00271606445e-05
2.00271606445e-05
2.00271606445e-05
2.00271606445e-05
2.00271606445e-05
2.00271606445e-05
2.00271606445e-05
1.97887420654e-05
2.00271606445e-05
2.00271606445e-05
2.00271606445e-05
2.00271606445e-05
2.00271606445e-05
2.00271606445e-05
2.09808349609e-05
2.00271606445e-05
2.00271606445e-05
2.09808349609e-05
2.00271606445e-05
1.97887420654e-05
2.09808349609e-05
2.00271606445e-05
2.00271606445e-05
2.09808349609e-05
1.90734863281e-05
2.00271606445e-05
2.09808349609e-05
2.00271606445e-05
2.00271606445e-05
2.00271606445e-05
2.00271606445e-05
2.09808349609e-05
2.00271606445e-05
1.97887420654e-05
2.00271606445e-05
2.00271606445e-05
2.09808349609e-05
2.00271606445e-05
2.09808349609e-05
2.00271606445e-05
2.00271606445e-05
2.78949737549e-05
new session 
4.68935203552
0.192770004272
0.196539878845
0.18693614006
0.154685974121
0.0992388725281
0.298762083054
0.132831096649
0.118750810623
0.248376131058
0.149405002594
0.16997385025
0.118324041367
0.169656991959
0.144700050354
0.244230031967
0.120464086533
0.105124950409
0.256676912308
0.0922319889069
0.190757036209
0.130609989166
0.169739961624
0.13239812851
0.109669923782
0.21485710144
0.164989948273
0.118809938431
0.269433021545
0.153032064438
0.153071880341
0.144279956818
0.135642051697
0.0984480381012
0.139322042465
0.157455921173
0.110496044159
0.149135112762
0.134387969971
0.119454860687
0.245826005936
0.118826150894
0.215835809708
0.161795139313
0.125813961029
0.196492910385
0.125043153763
0.18977189064
0.149011135101
0.114339828491
0.119410991669
0.173989057541
0.10725402832
0.104464054108
0.13080406189
0.148608922958
0.10782289505
0.0820181369781
0.156965017319
0.126797914505
0.121112108231
0.205183982849
0.110838890076
0.127564907074
0.238291025162
0.117001056671
0.0802910327911
0.202132940292
0.129096031189
0.165782928467
0.105020046234
0.123950958252
0.120927095413
0.119946956635
0.147819042206
0.112950086594
0.198158979416
0.141132831573
0.126846075058
0.133669137955
0.126993894577
0.128258943558
0.201272964478
0.117769002914
0.120311975479
0.25167298317
0.184967041016
0.108155012131
0.124080181122
0.211138963699
0.115615844727
0.146440029144
0.183179140091
0.106807947159
0.116935014725
0.112403869629
0.151139974594
0.0938541889191
0.162900924683
0.184779882431
0.146641016006
0.124216079712
0.117454051971
0.143377065659
0.138451814651
0.11043214798
0.10421204567
0.140241861343
0.137053966522
0.157351970673
0.145753145218
0.08531498909
0.0921249389648
0.132339000702
0.138756036758
0.0803370475769
0.248558044434
0.111875772476
0.188544034958
0.0753700733185
0.243972063065
0.129066944122
0.255172014236
0.0812759399414
0.15957903862
0.119057893753
0.124754190445
0.140337944031
0.128304958344
0.226633071899
0.1479139328
0.0826640129089
0.262481927872
0.156556129456
0.119158029556
0.137310028076
0.16903591156
0.164823055267
0.121058940887
0.100601911545
0.130630016327
0.23894405365
0.131031990051
0.18043088913
0.102201223373
0.133409976959
0.151413917542
0.137650966644
0.150694131851
0.0968987941742
0.198893070221
0.106348991394
0.215646982193
0.1055560112
0.221428155899
0.121836900711
0.125856876373
0.178099155426
0.104728937149
0.154810905457
0.141861200333
0.116169929504
0.115753889084
0.104362010956
0.0923330783844
0.157618045807
0.152050971985
0.170177936554
0.145499944687
0.125670194626
0.116677999496
0.135134935379
0.128046989441
0.141383886337
0.144842147827
0.123389005661
0.108752965927
0.13400387764
0.15015411377
0.115640878677
0.25713300705
0.155726194382
0.220069885254
0.147984027863
0.149305105209
0.141353845596
0.11702299118
0.111809015274
0.0875370502472
0.265542984009
0.138818979263
0.155518054962
0.114307880402
0.131474018097
0.249881029129
0.181760072708
0.135401964188
0.108680009842
0.162214040756
0.125119924545
0.105088949203
0.25787115097
0.118535041809
0.186163902283
0.175067901611
0.21612405777
0.131906986237
0.149927139282
0.121910810471
0.140280008316
0.24683713913
0.112836837769
0.104150056839
0.118765115738
0.202514886856
0.137294054031
0.133141994476
0.120090961456
0.152784109116
0.104423046112
0.106715917587
0.112225055695
0.115623950958
0.137903928757
0.133503913879
0.0937471389771
0.115104913712
0.147691965103
0.143505096436
0.118720054626
0.140961885452
0.131422042847
0.170990943909
0.116747140884
0.107553005219
0.119457960129
0.245877027512
0.123936891556
0.120466947556
0.126897096634
0.238789081573
0.118613958359
0.0839009284973
0.175822973251
0.165259122849
0.197649002075
0.126618862152
0.134720087051
0.135767936707
0.136924982071
0.111822128296
0.147693872452
0.102777957916
0.243464231491
0.119359970093
0.173933982849
0.122771978378
0.138736963272
0.121213912964
0.215301990509
0.123645067215
0.129705905914
0.140058994293
0.101293087006
0.276262998581
0.161379098892
0.128942966461
0.219079017639
0.153971910477
0.0876460075378
0.246330022812
0.124107122421
0.189542770386
0.175099134445
0.150137901306
0.128472089767
0.253278970718
0.123955965042
0.122674942017
0.222584009171
0.161171197891
0.113238811493
0.130273103714
0.19854092598
0.139809131622
0.117748975754
0.20526599884
0.110008955002
0.259746074677
0.10779094696
0.119973897934
0.125554084778
0.273276090622
0.117452859879
0.139104127884
0.116026878357
0.199046134949
0.118616819382
0.104668140411
0.153836965561
0.108670949936
0.106668949127
0.130331993103
0.167886018753
0.124601125717
0.146460056305
0.130706787109
0.175436019897
0.101703166962
0.106719970703
0.105980873108
0.190140962601
0.119462013245
0.25336098671
0.118759155273
0.112228870392
0.105162143707
0.25593495369
0.10396194458
0.12565612793
0.14888381958
0.141956090927
0.13086104393
0.15803194046
0.121243953705
0.208639144897
0.138041973114
0.120393037796
0.115461826324
0.14254617691
0.135626792908
0.182877063751
0.100769996643
0.104632139206
0.20912694931
0.102875947952
0.10219502449
0.0940239429474
0.111467123032
0.111362934113
0.128015041351
0.125516891479
0.225749969482
0.144422054291
0.122254133224
0.211392879486
0.165914058685
0.129332065582
0.105126857758
0.0998620986938
0.114230871201
0.2399289608
0.122570037842
0.210386991501
0.085559129715
0.191113948822
0.111787080765
0.128270864487
0.227728128433
0.115806818008
0.220634222031
0.0989158153534
0.116394996643
0.250179052353
0.144900083542
0.138829946518
0.123810052872
0.124620914459
0.15206193924
0.12461400032
0.120007038116
0.19743514061
0.153221845627
0.102610111237
0.112030982971
0.122611045837
0.243933916092
0.116736888885
0.201715230942
0.109918832779
0.137295007706
0.115438938141
0.127223014832
0.127506017685
0.168842077255
0.206711053848
0.106542825699
0.211722135544
0.101348876953
0.138389110565
0.100048065186
0.153520822525
0.133171081543
0.131942987442
0.150778055191
0.126478910446
0.214074134827
0.126672029495
0.102408885956
0.154447078705
0.265303850174
0.279031991959
0.250774145126
0.104779958725
0.130340099335
0.153328895569
0.120924949646
0.124480962753
0.175534009933
0.134989976883
0.126106023788
0.106603145599
0.14534497261
0.121461868286
0.136535167694
0.109560012817
0.118788957596
0.255887031555
0.113497018814
0.0887899398804
0.157376050949
0.120929956436
0.208565950394
0.11750292778
0.115605115891
0.168550014496
0.185060024261
0.153856992722
0.17688202858
0.266243934631
0.142716884613
0.2136490345
0.151730060577
0.139662027359
0.201685905457
0.0658769607544
0.151757001877
0.145536184311
0.21223783493
0.163408041
0.120455980301
0.199237108231
0.0943078994751
0.1409740448
0.126606941223
0.213947057724
0.111478090286
0.12100481987
0.134668111801
0.143975019455
0.186356067657
0.15399479866
0.152407169342
0.154376983643
0.176403999329
0.134068012238
0.107996940613
0.146854877472
0.131820201874
0.140070915222
0.164355993271
0.537040948868
0.0937011241913
0.142061948776
0.114939928055
0.126887083054
0.111168861389
0.137538194656
0.115084886551
0.137182950974
0.1771671772
0.137867927551
0.298781871796
0.308048009872
0.121373176575
0.205721855164
0.0978469848633
0.114752054214
0.240709066391
0.119930028915
0.350370883942
0.224930047989
0.139267921448
new session 
4.71494889259
0.181584119797
0.207440853119
0.16415810585
0.286421060562
0.142373800278
0.177576065063
0.252298116684
0.129616975784
0.115224838257
0.245007991791
0.137790203094
0.100509881973
0.261255979538
0.0953199863434
0.119961023331
0.122455120087
0.157638788223
0.109851121902
0.204972028732
0.125139951706
0.173795938492
0.163681030273
0.139179944992
0.144901990891
0.12526011467
0.113180875778
0.17030620575
0.125706911087
0.121793031693
0.191295862198
0.145526170731
0.125308036804
0.216578960419
0.162371873856
0.159911155701
0.137512922287
0.298005104065
0.190480947495
0.242022037506
0.14790892601
0.15342092514
0.12747502327
0.144524097443
0.238391876221
0.161103010178
0.277281999588
0.127066135406
0.155362844467
0.128103971481
0.200585126877
0.122354030609
0.150600910187
0.110310077667
0.173290967941
0.115458011627
0.215298891068
0.0911600589752
0.115123987198
0.103155136108
0.161294937134
0.225872993469
0.16264295578
0.140459060669
0.138216972351
0.145174026489
0.152958869934
0.141940116882
0.159245014191
0.129206895828
0.176391124725
0.109597921371
0.131494998932
0.143696069717
0.117892026901
0.137565851212
0.118355035782
0.156539916992
0.228462219238
0.255214929581
0.145729064941
0.133210897446
0.100166082382
0.147245883942
0.167396068573
0.192309856415
0.1154961586
0.196197032928
0.151595830917
0.134656190872
0.135893821716
0.147292137146
0.152642965317
0.129989862442
0.154339075089
0.134338140488
0.149052858353
0.156022071838
0.155997991562
0.179327011108
0.162085056305
0.141845941544
0.192702054977
0.15211892128
0.108197927475
0.123397111893
0.146380901337
0.23842215538
0.105749845505
0.115733146667
0.149763822556
0.12245798111
0.15322804451
0.202995061874
0.143934965134
0.143826961517
0.129760026932
0.263915061951
0.227702856064
0.193377017975
0.142817020416
0.107800960541
5.41210174561e-05
6.89029693604e-05
5.81741333008e-05
6.38961791992e-05
6.19888305664e-05
4.19616699219e-05
3.40938568115e-05
3.38554382324e-05
3.40938568115e-05
3.31401824951e-05
3.2901763916e-05
3.2901763916e-05
3.31401824951e-05
4.98294830322e-05
5.81741333008e-05
5.69820404053e-05
5.60283660889e-05
5.69820404053e-05
5.60283660889e-05
5.60283660889e-05
0.000102996826172
6.89029693604e-05
6.89029693604e-05
5.60283660889e-05
6.91413879395e-05
6.5803527832e-05
6.60419464111e-05
7.00950622559e-05
6.79492950439e-05
7.20024108887e-05
6.79492950439e-05
6.50882720947e-05
6.69956207275e-05
6.79492950439e-05
6.91413879395e-05
6.79492950439e-05
6.79492950439e-05
6.89029693604e-05
6.69956207275e-05
6.69956207275e-05
6.8187713623e-05
6.89029693604e-05
6.69956207275e-05
6.60419464111e-05
6.79492950439e-05
6.79492950439e-05
6.91413879395e-05
6.60419464111e-05
6.89029693604e-05
6.79492950439e-05
6.91413879395e-05
6.89029693604e-05
6.79492950439e-05
6.69956207275e-05
6.91413879395e-05
6.48498535156e-05
6.79492950439e-05
6.91413879395e-05
6.00814819336e-05
5.57899475098e-05
5.69820404053e-05
5.81741333008e-05
new session 
4.75510001183
0.137906074524
0.300301074982
0.159728765488
0.30952000618
0.159119129181
0.0956869125366
0.273100137711
0.160791873932
0.110260009766
0.199991941452
0.158004999161
0.108361005783
0.110485076904
0.121758937836
0.249927997589
0.117597103119
0.118405103683
0.254685878754
0.128396034241
0.130692005157
0.278322935104
0.161414146423
0.233774900436
0.129987001419
0.134609937668
0.17049908638
0.127600908279
0.11076593399
0.194673061371
0.175127983093
0.142580032349
0.141267061234
0.141148090363
0.150678873062
0.144665956497
0.147591114044
0.131230831146
0.166141033173
0.129184007645
0.123692035675
0.246731996536
0.123167037964
0.108727931976
0.260622024536
0.122805118561
0.169909954071
0.11973285675
0.107798099518
0.218022108078
0.18750500679
0.152368783951
0.1404941082
0.150708913803
0.120157003403
0.118031978607
0.159418106079
0.12620806694
0.163877010345
0.12117600441
0.131098031998
0.262302875519
0.14909696579
0.196895122528
0.171881914139
0.134140968323
0.226002931595
0.124066114426
0.0934119224548
0.190371990204
0.222804069519
0.138833999634
0.126933097839
0.213512897491
0.11453795433
0.249686956406
0.106678009033
0.107114076614
0.11220908165
0.114850997925
0.24151802063
0.121672868729
0.218685150146
0.16243481636
0.138653039932
0.129538059235
0.172398090363
0.149122953415
0.113117933273
0.14871096611
0.126693964005
0.142558097839
0.130937099457
0.133919000626
0.115092992783
0.137205839157
0.150496006012
0.124840974808
0.124858140945
0.217355966568
0.124191999435
0.104786872864
0.188645124435
0.14702296257
0.213845014572
0.134841918945
0.118326187134
0.142676830292
0.140213012695
0.13144493103
0.160855054855
0.200062036514
0.126063108444
0.119463920593
0.146950960159
0.134532928467
0.240749120712
0.211458921432
0.0872311592102
0.276421785355
0.128821134567
0.213962078094
0.140352964401
0.129452943802
0.212301015854
0.15133190155
0.14312005043
0.189939022064
0.119306087494
0.180630922318
0.122268915176
0.244232177734
0.125419855118
0.113911151886
0.148230791092
0.14393901825
0.156723976135
0.0938730239868
0.144237041473
0.0891180038452
0.122528076172
0.134265899658
0.1443400383
0.160629987717
0.138214111328
0.149612903595
0.149616003036
0.141247987747
0.15163898468
0.161283016205
0.128849983215
0.10156416893
0.168490886688
0.0988938808441
0.139412164688
0.192301988602
0.49760389328
0.183824062347
0.181222915649
0.172091007233
0.264474153519
0.154546022415
0.187966823578
0.12752699852
0.108256101608
0.149512052536
0.138326883316
0.183588981628
0.158457994461
0.247385025024
0.180535078049
0.146291017532
0.183049917221
0.206190109253
0.112898826599
0.144562005997
0.125915050507
0.124619007111
0.138921976089
0.134865999222
0.164397954941
0.160034179688
0.127597808838
0.364282131195
0.589731931686
0.151392936707
0.123680114746
0.144402980804
0.10930109024
0.132109880447
0.232670068741
0.149589061737
0.135528802872
0.244125127792
0.183070898056
0.216519117355
0.16691493988
0.137876987457
0.142576932907
0.179529190063
0.138383865356
0.139199018478
0.1832280159
0.179981946945
0.16409611702
0.260390043259
0.152452945709
0.148021936417
0.128211021423
0.236356019974
0.204977035522
0.135118961334
0.185560941696
0.180197954178
0.220904111862
0.226274967194
0.135354995728
0.22683095932
0.150918006897
0.20521903038
0.209401130676
0.180032968521
0.507712841034
0.214752197266
0.205399990082
0.164438009262
0.165313005447
0.193242788315
0.18444609642
0.167588949203
0.163512945175
0.112776041031
0.135948181152
0.13449382782
0.138669967651
0.14910697937
0.126687049866
0.161219120026
0.106791973114
0.133317947388
0.17354798317
0.199311971664
0.128760099411
0.125551939011
0.126961946487
0.129955053329
0.149435043335
0.0952010154724
0.207628965378
0.120989084244
0.139698028564
0.140643835068
0.0975999832153
0.176675081253
0.134546995163
0.215876102448
0.139370918274
0.693512916565
0.329270124435
0.30076789856
1.05717802048
1.08310389519
1.0059671402
1.00420999527
0.952488899231
1.65803813934
0.472895860672
0.162443161011
0.175145864487
0.226464033127
0.157133102417
0.104635000229
0.226933956146
0.141937017441
0.124311923981
0.221343994141
0.150975942612
0.128072023392
0.160441160202
0.131806850433
0.2036049366
0.0996792316437
0.15242099762
0.14110994339
0.0879850387573
0.226594924927
0.133974075317
0.120585918427
0.209004878998
0.10334610939
0.136710882187
0.128874063492
0.114282131195
0.234927892685
0.146955966949
0.131114959717
0.165274143219
0.127475976944
0.165948867798
0.142211198807
0.148597002029
0.129990816116
0.198439121246
0.133529901505
0.136677980423
0.104677200317
0.109535932541
0.115555047989
0.111153841019
0.126031160355
0.223420858383
0.125962972641
0.211290121078
0.145447015762
0.123463869095
0.195489168167
0.108582019806
0.0937559604645
0.166924953461
0.15497303009
0.0757479667664
0.27237701416
0.108384847641
0.105230093002
0.115289926529
0.125825166702
0.237771987915
0.118852853775
0.096134185791
0.130208015442
0.226566791534
0.112399101257
0.117738962173
0.124789953232
0.0733251571655
0.176501989365
0.159715890884
0.161998033524
0.123961925507
0.141704082489
0.101356983185
0.10501408577
0.147439956665
0.175092935562
0.108588933945
0.115785121918
0.211494922638
0.144438028336
0.123939990997
0.25211596489
0.105580091476
0.105262041092
0.12944984436
0.199343204498
0.143565893173
0.114818096161
0.137383937836
0.182039022446
0.161458015442
0.121512889862
0.169490098953
0.133342027664
0.212743997574
0.144587993622
0.142786026001
0.319170951843
0.185201883316
0.246688127518
0.118098974228
0.265534877777
0.171630144119
0.158571004868
0.13943696022
0.159090995789
0.0944769382477
0.192745923996
0.125645160675
0.195502996445
0.112474918365
0.167642116547
0.119004964828
0.211689949036
0.162100076675
0.470913887024
0.351083993912
0.301795959473
0.194993019104
0.170205116272
0.180373907089
0.223474025726
0.36351108551
0.257014036179
0.185309886932
0.232086896896
0.194810152054
0.179450035095
0.244910001755
0.218039035797
0.19052696228
0.158434867859
0.298609972
0.228198051453
0.126726150513
